0.01811477355659008	0.0
0.06140591576695442	0.0
0.23278002440929413	1.0
0.03222938999533653	0.0
0.009842097759246826	0.0
0.005126488395035267	0.0
0.020764539018273354	0.0
0.00011417299538152292	0.0
0.00021186798403505236	0.0
0.029852861538529396	0.0
0.1232142448425293	0.0
0.014573146589100361	0.0
0.12017209082841873	1.0
0.0257712434977293	0.0
0.15030880272388458	0.0
0.0016555024776607752	0.0
0.008434158749878407	0.0
0.08182763308286667	0.0
0.23310178518295288	1.0
0.2356898933649063	1.0
0.012364833615720272	0.0
0.00708219688385725	0.0
0.040840473026037216	0.0
0.2356898933649063	0.0
0.0776878371834755	0.0
0.00513866962864995	0.0
0.005303989630192518	0.0
0.0711100697517395	0.0
0.012816375121474266	0.0
0.013248349539935589	0.0
0.04264433681964874	0.0
0.005433185491710901	0.0
0.017738450318574905	0.0
0.009089137427508831	0.0
0.00835109781473875	0.0
0.09958166629076004	0.0
0.16838175058364868	1.0
0.012163854204118252	0.0
0.0021262315567582846	0.0
0.00720698619261384	0.0
0.08754228055477142	0.0
0.2356898933649063	0.0
0.005915957503020763	0.0
9.381555719301105e-05	0.0
0.2345104068517685	1.0
0.008536465466022491	0.0
0.19981664419174194	0.0
0.16482804715633392	0.0
0.08108598738908768	0.0
0.02665357105433941	0.0
0.00036408606683835387	0.0
0.2356898933649063	0.0
0.010366346687078476	0.0
0.01187876146286726	0.0
0.03081924468278885	0.0
0.024270111694931984	0.0
0.0001670763158472255	0.0
0.23339368402957916	1.0
0.2356898933649063	0.0
0.07142670452594757	0.0
0.15398617088794708	0.0
0.01256586518138647	0.0
0.002008604584261775	0.0
0.2356898933649063	1.0
0.011195310391485691	0.0
0.234223872423172	0.0
0.017911018803715706	0.0
0.06820915639400482	0.0
0.07370766252279282	1.0
0.17584823071956635	0.0
0.004910356365144253	0.0
0.018783818930387497	0.0
0.23419363796710968	0.0
0.06086818501353264	0.0
7.991848542587832e-05	0.0
0.009313500486314297	0.0
0.19642826914787292	0.0
0.06645616888999939	0.0
0.2356898933649063	1.0
0.00044370119576342404	0.0
0.0005485210567712784	0.0
0.12106296420097351	0.0
0.19853293895721436	0.0
0.012816043570637703	0.0
0.04891254007816315	0.0
0.015582672320306301	0.0
0.028845060616731644	0.0
0.017477888613939285	0.0
0.041276853531599045	0.0
0.014734745025634766	0.0
0.04788957163691521	0.0
0.16427989304065704	0.0
0.004594478290528059	0.0
0.10042742639780045	0.0
0.2356898933649063	0.0
0.13216719031333923	0.0
0.08659470081329346	0.0
0.008339105173945427	0.0
0.0046830978244543076	0.0
0.041376300156116486	0.0
0.10484089702367783	0.0
0.016695989295840263	0.0
0.06482312083244324	0.0
0.0008639823645353317	0.0
0.2356318235397339	0.0
0.004183717537671328	0.0
0.2356898933649063	1.0
0.22435523569583893	0.0
0.2356898933649063	0.0
0.09771550446748734	0.0
0.16349546611309052	0.0
0.0024666977114975452	0.0
0.05539920553565025	0.0
0.012701882049441338	0.0
0.1869058609008789	0.0
0.2267300933599472	0.0
0.2353624552488327	1.0
0.00446658581495285	0.0
0.017753062769770622	0.0
0.02537434920668602	0.0
0.003553809132426977	0.0
0.0038551653269678354	0.0
0.0006492275279015303	0.0
0.05105692520737648	0.0
0.05735447630286217	0.0
0.05156809836626053	0.0
0.0023802085779607296	0.0
0.14377354085445404	0.0
0.017373712733387947	0.0
0.2356898933649063	0.0
0.042770616710186005	0.0
0.037237755954265594	0.0
0.033148907124996185	0.0
0.00041456674807704985	0.0
0.2356898933649063	0.0
0.09243689477443695	0.0
0.0008977336692623794	0.0
0.017568305134773254	0.0
0.04095519706606865	0.0
0.10765098035335541	0.0
0.09037381410598755	0.0
0.01255190372467041	0.0
0.02299417182803154	0.0
0.07097868621349335	0.0
0.0051820180378854275	0.0
0.03570985049009323	0.0
0.04662992060184479	0.0
0.007417603861540556	0.0
0.03949024900794029	0.0
0.13919998705387115	0.0
0.2342032790184021	0.0
0.0003294330381322652	0.0
0.021529164165258408	0.0
0.11837723851203918	0.0
0.00018468133930582553	0.0
0.2356898933649063	0.0
0.011475528590381145	0.0
0.1686554104089737	0.0
0.2356898933649063	0.0
0.0006470235530287027	0.0
0.10422449558973312	1.0
0.06304167956113815	0.0
0.2356898933649063	0.0
0.1150100901722908	0.0
0.025244973599910736	0.0
0.001178084989078343	0.0
0.022952329367399216	0.0
0.05893914774060249	1.0
0.0026376734022051096	0.0
0.06991369277238846	0.0
0.2342788130044937	0.0
0.06991681456565857	0.0
0.07402271032333374	0.0
0.0004922569496557117	0.0
0.0001862886274466291	0.0
0.12413126230239868	0.0
0.00024164623755495995	0.0
0.004466594662517309	0.0
0.052209191024303436	0.0
0.21693605184555054	0.0
0.039073411375284195	0.0
0.0034587327390909195	0.0
0.20951664447784424	0.0
0.2356898933649063	1.0
0.2356898933649063	0.0
0.07856769114732742	0.0
0.0016528000123798847	0.0
0.00012172131391707808	0.0
0.013578183948993683	0.0
0.09528659284114838	0.0
0.023770365864038467	0.0
0.03643154725432396	0.0
0.04567725583910942	0.0
0.004031868651509285	0.0
0.22751961648464203	0.0
0.18313093483448029	0.0
0.21963249146938324	0.0
0.17370203137397766	1.0
0.07635434716939926	0.0
0.015529558062553406	0.0
0.00024462759029120207	0.0
0.2356898933649063	0.0
0.05246904492378235	0.0
0.11529989540576935	0.0
0.0010012892307713628	0.0
0.2313968986272812	0.0
0.2356898933649063	1.0
0.00456203892827034	0.0
0.22063778340816498	0.0
0.007276094984263182	0.0
0.02873111329972744	1.0
0.010808487422764301	1.0
0.2356898933649063	1.0
0.0838756188750267	1.0
0.2327045500278473	0.0
0.02087435871362686	0.0
0.07625430077314377	0.0
0.022320972755551338	0.0
0.044671040028333664	0.0
0.04185562953352928	0.0
0.032771673053503036	0.0
0.07496635615825653	0.0
0.0731164738535881	0.0
0.03449777141213417	0.0
0.041116222739219666	0.0
0.06685158610343933	0.0
0.05830904096364975	0.0
0.2356898933649063	0.0
0.04065613076090813	0.0
0.013009954243898392	0.0
0.005070819519460201	0.0
0.13474692404270172	0.0
0.2356898933649063	1.0
0.006010562647134066	0.0
0.056550782173871994	0.0
0.02058093622326851	0.0
0.15175499022006989	0.0
0.003463917411863804	0.0
0.20608799159526825	1.0
0.07266645133495331	0.0
0.2356898933649063	0.0
0.11600549519062042	0.0
0.07536719739437103	0.0
0.13560500741004944	0.0
0.2356898933649063	0.0
0.05877983942627907	0.0
0.00012343494745437056	0.0
0.00011108747276011854	0.0
0.2356898933649063	1.0
0.04553661495447159	0.0
0.02097519114613533	0.0
0.016419528052210808	0.0
0.0588296540081501	0.0
0.04676085710525513	0.0
0.13588178157806396	0.0
0.20212022960186005	0.0
0.06682109832763672	0.0
4.4400356273399666e-05	0.0
0.012338272295892239	0.0
0.1574528068304062	1.0
0.01993480883538723	0.0
0.23507043719291687	0.0
0.00427211681380868	0.0
0.14785133302211761	0.0
0.013570226728916168	0.0
0.0018402498681098223	0.0
0.2356898933649063	0.0
0.0003049282531719655	0.0
0.08635706454515457	0.0
0.012542404234409332	0.0
0.05749031528830528	0.0
0.07050377875566483	0.0
0.00450104521587491	0.0
0.0039759185165166855	0.0
0.1306610405445099	0.0
0.012926568277180195	0.0
0.008661970496177673	0.0
0.007888169027864933	0.0
0.0411805659532547	0.0
0.055873602628707886	0.0
0.0021983624901622534	0.0
0.0628148764371872	0.0
0.02655864879488945	0.0
0.051385752856731415	0.0
0.08155689388513565	1.0
0.00570925185456872	0.0
0.035948045551776886	0.0
0.052895255386829376	0.0
0.010708553716540337	0.0
0.02120882086455822	0.0
0.1348535567522049	0.0
0.010007711127400398	0.0
0.00019043147040065378	0.0
0.0026054098270833492	0.0
0.23537208139896393	0.0
0.010758035816252232	0.0
0.07799351215362549	0.0
0.051055703312158585	0.0
0.002861454850062728	0.0
0.03824383392930031	0.0
0.011094602756202221	0.0
0.00020534572831820697	0.0
0.040123097598552704	0.0
0.008520945906639099	0.0
0.0057215215638279915	0.0
0.018733922392129898	0.0
0.004854343831539154	0.0
0.010578850284218788	0.0
0.07474929839372635	0.0
0.08345872163772583	0.0
0.09702516347169876	0.0
0.060426946729421616	0.0
0.027581708505749702	0.0
0.05045051500201225	0.0
0.03811074420809746	0.0
0.12801212072372437	0.0
0.007660606876015663	0.0
0.0003456049307715148	0.0
0.0017947356682270765	0.0
0.10199331492185593	0.0
0.1303507536649704	0.0
0.0783151164650917	0.0
0.08420982956886292	1.0
0.2356898933649063	1.0
0.007641703821718693	0.0
0.0367458201944828	0.0
0.20022329688072205	0.0
0.22431793808937073	0.0
0.1277490258216858	0.0
0.02508426643908024	0.0
0.0119122713804245	0.0
0.22133971750736237	0.0
0.016235170885920525	0.0
0.051825523376464844	0.0
0.2356898933649063	1.0
0.002350299386307597	0.0
0.012849877588450909	0.0
0.003772837109863758	0.0
0.018857741728425026	0.0
0.014842361211776733	0.0
0.2201215773820877	0.0
0.2356898933649063	1.0
0.1157122403383255	0.0
0.02668083645403385	0.0
0.030002839863300323	0.0
0.03890782967209816	0.0
0.014732413925230503	0.0
0.04529709368944168	0.0
0.029483338817954063	0.0
0.0070755742490291595	0.0
0.0008512093918398023	0.0
0.002880264539271593	0.0
0.003972712904214859	0.0
0.07661741971969604	0.0
0.09532305598258972	0.0
0.18657957017421722	0.0
0.000918799196369946	0.0
0.031229479238390923	0.0
0.05464901402592659	0.0
0.2279019057750702	0.0
0.024869276210665703	0.0
0.2356898933649063	0.0
0.003138985252007842	0.0
0.018527977168560028	0.0
0.04595772922039032	0.0
0.2356898933649063	0.0
0.002509851474314928	0.0
0.010745096951723099	0.0
0.07517309486865997	0.0
0.0003961427428293973	0.0
0.033926550298929214	0.0
0.054257191717624664	0.0
0.15453284978866577	0.0
0.08074109256267548	0.0
0.01809871569275856	0.0
0.2356898933649063	0.0
0.01833648607134819	0.0
0.10444190353155136	0.0
0.1358267068862915	0.0
0.004519234411418438	0.0
0.03989987075328827	0.0
0.15330708026885986	1.0
0.004871423821896315	0.0
0.017422489821910858	0.0
0.20398232340812683	0.0
0.026608003303408623	0.0
0.10240484029054642	0.0
0.0032079785596579313	0.0
0.10542696714401245	0.0
0.014345049858093262	0.0
0.004302953369915485	0.0
0.0753927081823349	0.0
0.0031419144943356514	0.0
0.10247907042503357	0.0
0.16190586984157562	1.0
0.0004759357252623886	0.0
0.01385094877332449	0.0
0.21985633671283722	0.0
0.020067324861884117	0.0
0.018745027482509613	0.0
0.00033403042471036315	0.0
0.01280355453491211	0.0
0.04447466507554054	1.0
0.023390457034111023	0.0
0.014467419125139713	0.0
0.02869209088385105	0.0
0.040768954902887344	0.0
0.0016116766491904855	0.0
0.007377406116575003	0.0
0.004598811734467745	0.0
0.006242678966373205	0.0
0.008201583288609982	0.0
0.2356898933649063	0.0
0.189907044172287	1.0
0.05360440909862518	0.0
0.11718213558197021	0.0
0.0476323664188385	0.0
0.021512707695364952	0.0
0.0037174923345446587	0.0
0.0015724486438557506	0.0
0.13859306275844574	0.0
0.024726593866944313	0.0
0.07764340192079544	0.0
0.022195521742105484	0.0
0.2349601686000824	0.0
0.004794272594153881	0.0
0.0015128778759390116	0.0
0.1017565056681633	0.0
0.1465243250131607	0.0
2.7333035177434795e-05	0.0
0.015893230214715004	0.0
0.011568024754524231	0.0
0.0002239634341094643	0.0
0.003742423839867115	0.0
0.03390616923570633	0.0
0.04308941587805748	0.0
0.006593705620616674	0.0
0.015341825783252716	0.0
0.0033075837418437004	0.0
0.03321423381567001	0.0
0.2356898933649063	1.0
0.02680327370762825	0.0
0.0016514880117028952	0.0
0.22200913727283478	1.0
5.9491248975973576e-05	0.0
0.0016553403111174703	0.0
0.028532549738883972	0.0
0.003361351089552045	0.0
0.09904911369085312	0.0
0.0002631700481288135	0.0
0.009727878496050835	0.0
0.0007180208922363818	0.0
0.07286202907562256	0.0
0.010644217021763325	0.0
0.0003866485203616321	0.0
0.2356898933649063	0.0
0.025600189343094826	0.0
0.03325790911912918	0.0
0.02695463038980961	0.0
0.21113571524620056	0.0
0.00038481358205899596	0.0
0.2356898933649063	0.0
0.061598774045705795	0.0
0.0037040244787931442	0.0
5.348000195226632e-05	0.0
0.09860216826200485	0.0
0.029316117987036705	0.0
0.03383815661072731	0.0
0.2356898933649063	0.0
0.2346007078886032	0.0
0.004561856854707003	0.0
0.16940411925315857	1.0
0.13572198152542114	0.0
0.0003677807399071753	0.0
0.015419910661876202	0.0
0.2268552929162979	0.0
0.008534221909940243	0.0
0.029646212235093117	0.0
0.014475048519670963	0.0
0.006185768637806177	0.0
0.07282156497240067	0.0
0.11601556092500687	0.0
0.2356898933649063	0.0
0.0009425644529983401	0.0
0.2133537083864212	0.0
0.035986870527267456	0.0
0.0004994372138753533	0.0
0.0443696454167366	0.0
0.003821284044533968	0.0
0.005789699964225292	0.0
0.06721581518650055	0.0
0.2356898933649063	0.0
0.009826626628637314	0.0
0.04986652731895447	0.0
0.2356898933649063	0.0
0.107406385242939	0.0
0.006837877910584211	0.0
0.007338827475905418	0.0
0.0007264494197443128	0.0
0.03705388680100441	0.0
0.01619730144739151	0.0
0.010797607712447643	0.0
0.12861871719360352	0.0
0.0002651193062774837	0.0
0.2324436753988266	0.0
0.2356898933649063	0.0
0.009084672667086124	0.0
0.05932999402284622	0.0
0.004579290747642517	0.0
0.11767071485519409	0.0
0.16253311932086945	0.0
0.012925595045089722	0.0
0.016821634024381638	0.0
0.0003268496075179428	0.0
0.009339194744825363	0.0
5.988261546008289e-05	0.0
0.1260780394077301	0.0
0.02531147561967373	0.0
0.001056623412296176	0.0
0.03805288299918175	0.0
0.15492001175880432	0.0
0.09554065018892288	0.0
0.03879278525710106	0.0
0.04700568690896034	0.0
0.21456843614578247	1.0
0.022541705518960953	0.0
0.020047618076205254	0.0
0.0016958055784925818	0.0
0.004497803281992674	0.0
0.0016962607624009252	0.0
0.022195789963006973	0.0
0.05894283205270767	0.0
0.028838561847805977	0.0
0.014880646951496601	0.0
0.018476687371730804	0.0
0.23553141951560974	0.0
0.09038259088993073	0.0
0.0124205332249403	0.0
0.008876882493495941	0.0
0.039101485162973404	0.0
0.09074036777019501	0.0
0.01023984607309103	0.0
0.011223812587559223	0.0
0.0005058322567492723	0.0
0.008573576807975769	0.0
0.003052862361073494	0.0
0.021861329674720764	0.0
0.08024956285953522	0.0
0.0005879356758669019	0.0
0.010467822663486004	0.0
0.047195274382829666	0.0
0.2038576304912567	1.0
0.017510853707790375	0.0
0.0043122670613229275	0.0
0.0029456764459609985	0.0
0.2356898933649063	0.0
0.003040722105652094	0.0
0.2356898933649063	1.0
0.001991753000766039	0.0
0.03862716630101204	0.0
0.0057630217634141445	0.0
0.15736640989780426	0.0
0.024556651711463928	0.0
0.17676202952861786	0.0
0.017300613224506378	0.0
0.14392518997192383	0.0
0.02045592851936817	0.0
0.11263807862997055	0.0
0.017029521986842155	0.0
0.03354069963097572	0.0
0.006276166066527367	0.0
0.009610596112906933	0.0
0.2356898933649063	0.0
0.00024861880228854716	0.0
0.2356898933649063	0.0
0.014693310484290123	0.0
0.018546052277088165	0.0
0.06570721417665482	0.0
0.13393014669418335	0.0
0.020578350871801376	0.0
0.0027648203540593386	0.0
0.005631810519844294	0.0
0.0274024847894907	0.0
5.574360693572089e-05	0.0
0.13766470551490784	1.0
0.2354295700788498	0.0
0.06891757994890213	0.0
0.15444956719875336	0.0
0.18057432770729065	0.0
0.0014341938076540828	0.0
0.0015101733151823282	0.0
0.17673027515411377	0.0
0.005736672785133123	0.0
0.2221897840499878	0.0
0.05207674577832222	0.0
0.050677280873060226	0.0
0.02305256761610508	0.0
0.1256849318742752	1.0
0.020835693925619125	0.0
0.05580880492925644	0.0
0.2356898933649063	0.0
0.00047435774467885494	0.0
0.04393673315644264	0.0
0.018782688304781914	0.0
0.008569548837840557	0.0
0.02224947139620781	0.0
0.017301587387919426	0.0
4.3776472011813894e-05	0.0
0.014724940992891788	0.0
0.19201132655143738	1.0
0.23561017215251923	0.0
0.003182091750204563	0.0
0.011295057833194733	0.0
0.027763606980443	0.0
0.004700533580034971	0.0
0.05946137383580208	0.0
0.028802460059523582	0.0
0.13449391722679138	0.0
0.2356898933649063	0.0
0.00020706864597741514	0.0
0.019478078931570053	0.0
0.020089438185095787	0.0
0.010464557446539402	0.0
0.18713568150997162	1.0
0.03941480815410614	0.0
0.01493615098297596	0.0
0.021343598142266273	0.0
0.024012254551053047	0.0
0.04297444224357605	0.0
3.537891825544648e-05	0.0
0.0025848301593214273	0.0
3.808188921539113e-05	0.0
0.18694543838500977	0.0
0.0567304901778698	0.0
0.009691254235804081	0.0
0.017520274966955185	0.0
0.007732892408967018	0.0
0.003993658814579248	0.0
0.19785821437835693	0.0
0.08615468442440033	0.0
0.23131155967712402	0.0
0.009386607445776463	0.0
0.0007111042505130172	0.0
0.1831517368555069	0.0
0.2356898933649063	1.0
0.03645031526684761	0.0
0.04781847447156906	0.0
0.001610481645911932	0.0
0.2356898933649063	1.0
0.10436860471963882	0.0
0.0830836072564125	0.0
0.02014809101819992	0.0
0.03321376070380211	0.0
0.0009735632338561118	0.0
0.01939122937619686	0.0
0.07417626678943634	0.0
0.23564331233501434	1.0
0.10303708165884018	1.0
0.044102057814598083	0.0
0.05369841679930687	0.0
0.032878439873456955	0.0
0.059271156787872314	0.0
0.2356898933649063	1.0
0.23531492054462433	1.0
0.0013581753009930253	0.0
0.0006771226180717349	0.0
0.018039977177977562	0.0
0.0933346152305603	0.0
0.005621976684778929	0.0
0.07563324272632599	0.0
0.0009768904419615865	0.0
0.00928462203592062	0.0
0.037243496626615524	0.0
0.007381726521998644	0.0
0.11972962319850922	0.0
0.2356165200471878	0.0
0.2356898933649063	0.0
0.0005120026180520654	0.0
0.0001437371247448027	0.0
0.06483810395002365	0.0
0.03272484987974167	0.0
0.0028499432373791933	0.0
0.217872753739357	1.0
0.14079175889492035	1.0
0.23557545244693756	0.0
0.0033335310872644186	0.0
0.011200559325516224	0.0
0.05739883333444595	0.0
0.09912749379873276	0.0
0.18690264225006104	1.0
0.01457167323678732	0.0
0.2356898933649063	0.0
0.2356898933649063	1.0
0.04445350542664528	0.0
0.025774605572223663	0.0
0.232367604970932	0.0
0.043617721647024155	0.0
0.19871574640274048	0.0
0.018046503886580467	0.0
0.17126411199569702	0.0
0.0029644547030329704	0.0
0.10207738727331161	0.0
0.025397688150405884	0.0
0.20253415405750275	1.0
0.010079623199999332	0.0
0.02965533547103405	0.0
0.026251690462231636	0.0
0.2356898933649063	0.0
0.013573329895734787	0.0
0.2356898933649063	0.0
0.03996593505144119	0.0
0.17181287705898285	0.0
0.002294230740517378	0.0
0.0027439557015895844	0.0
0.08151991665363312	0.0
0.2356898933649063	1.0
0.002772651379927993	0.0
0.04934340715408325	0.0
0.016802355647087097	0.0
0.2356898933649063	1.0
0.13279932737350464	0.0
0.0006692385068163276	0.0
0.006986767053604126	0.0
0.010626470670104027	0.0
0.007218000944703817	0.0
0.015838254243135452	0.0
0.0009460083674639463	0.0
0.05287693068385124	0.0
0.047003038227558136	0.0
0.05221257731318474	0.0
0.025432385504245758	0.0
0.007222318090498447	0.0
0.0362057127058506	0.0
0.2356898933649063	0.0
0.018260842189192772	0.0
0.07653386145830154	0.0
0.09750793129205704	0.0
0.02321791648864746	0.0
0.013437315821647644	0.0
0.001594630884937942	0.0
0.23474697768688202	0.0
0.00045105841127224267	0.0
0.004363133572041988	0.0
0.03119654394686222	0.0
0.0011845394037663937	0.0
0.033487603068351746	0.0
0.02879871241748333	0.0
0.2347092479467392	0.0
0.2356898933649063	0.0
0.004773758817464113	0.0
0.016142018139362335	0.0
0.2356898933649063	0.0
0.01638076826930046	0.0
0.013016163371503353	0.0
0.022900432348251343	0.0
0.20583872497081757	0.0
0.2356898933649063	0.0
0.010489288717508316	0.0
0.23562373220920563	1.0
0.021427685394883156	0.0
0.05879110097885132	0.0
0.13890868425369263	0.0
0.009993888437747955	0.0
0.03060135804116726	0.0
0.010766741819679737	0.0
0.0009710176382213831	0.0
0.1801610291004181	0.0
0.04463373124599457	0.0
0.00012577547749970108	0.0
0.01347695104777813	0.0
0.011326813139021397	0.0
0.09636662155389786	0.0
0.03980609402060509	0.0
0.19330038130283356	0.0
0.004663778934627771	0.0
0.19917888939380646	1.0
0.13909895718097687	0.0
0.09350459277629852	0.0
0.004514916334301233	0.0
0.21385447680950165	0.0
0.00760928587988019	0.0
0.11175514757633209	0.0
0.00294598750770092	0.0
0.060703344643116	0.0
0.010168947279453278	0.0
0.07085514068603516	0.0
0.11482517421245575	0.0
0.008430729620158672	0.0
0.0025827731005847454	0.0
0.2356898933649063	0.0
0.17729975283145905	1.0
0.03486365079879761	0.0
0.015983672812581062	0.0
0.06783809512853622	0.0
0.0025695795193314552	0.0
0.003098128130659461	0.0
0.007793342228978872	0.0
0.2356898933649063	1.0
0.05456535518169403	0.0
0.006414245348423719	0.0
0.0348174087703228	0.0
0.05277273431420326	0.0
0.11452258378267288	0.0
0.1414313167333603	0.0
0.2356898933649063	0.0
0.01917794533073902	0.0
0.07462647557258606	0.0
0.04864213615655899	0.0
0.2356898933649063	0.0
0.21168915927410126	0.0
0.03703117370605469	0.0
0.08407304435968399	0.0
0.013742126524448395	0.0
0.10678567737340927	0.0
0.2356898933649063	0.0
0.008005849085748196	0.0
0.0026228127535432577	0.0
0.05221974477171898	0.0
0.10767878592014313	0.0
0.03185587003827095	0.0
0.025129610672593117	0.0
0.023106371983885765	0.0
0.007879278622567654	0.0
0.007842483930289745	0.0
0.057387638837099075	0.0
0.02917581796646118	0.0
0.09987223148345947	1.0
0.2356898933649063	0.0
0.10187923908233643	1.0
0.01199841033667326	0.0
5.129349301569164e-05	0.0
0.053631436079740524	0.0
0.005175586324185133	0.0
0.00617433525621891	0.0
0.038827598094940186	0.0
0.0004199204267933965	0.0
0.04370987042784691	0.0
0.23521991074085236	0.0
0.16093648970127106	0.0
0.0021143064368516207	0.0
0.00033537280978634953	0.0
0.04109559208154678	0.0
0.0041364263743162155	0.0
0.02992992103099823	0.0
0.003702212357893586	0.0
0.2356898933649063	0.0
0.023531006649136543	0.0
0.002037584315985441	0.0
0.001841287361457944	0.0
0.007329675368964672	0.0
0.04293377697467804	0.0
0.07550709694623947	0.0
0.06989027559757233	0.0
0.0021323387045413256	0.0
0.018969610333442688	0.0
0.0702311098575592	0.0
0.05081197991967201	0.0
0.0006162783829495311	0.0
0.005628079175949097	0.0
0.23400558531284332	0.0
0.2356898933649063	0.0
0.2356898933649063	0.0
0.01330970972776413	0.0
0.22356514632701874	0.0
0.040859151631593704	0.0
0.02526993677020073	0.0
0.23194986581802368	0.0
0.03856131061911583	0.0
0.2356898933649063	1.0
0.06618710607290268	0.0
0.23489311337471008	0.0
0.012126113288104534	0.0
0.01907111331820488	0.0
0.1742614507675171	0.0
0.03753061592578888	0.0
0.029672836884856224	0.0
0.09347839653491974	0.0
0.0007677992689423263	0.0
0.01623958721756935	0.0
0.2356898933649063	0.0
0.0021390721667557955	0.0
0.007026431616395712	0.0
0.036685775965452194	0.0
0.09482316672801971	0.0
0.05657169967889786	0.0
0.09848399460315704	0.0
0.1364777386188507	0.0
0.0024657920002937317	0.0
0.030356895178556442	0.0
0.1253797858953476	0.0
0.009557060897350311	0.0
0.00030200384208001196	0.0
0.0007971677114255726	0.0
0.03385807201266289	0.0
0.0552014485001564	0.0
0.23312485218048096	0.0
0.07250381261110306	0.0
0.025831175968050957	0.0
0.0014567530015483499	0.0
0.09867330640554428	0.0
0.011347481049597263	0.0
0.02017875574529171	0.0
0.07772111892700195	0.0
0.00013450220285449177	0.0
0.023811964318156242	0.0
0.004075715783983469	0.0
0.03229425475001335	0.0
0.045015156269073486	0.0
0.06515687704086304	1.0
0.006237605586647987	0.0
0.006894200574606657	0.0
0.004769451916217804	0.0
0.02277495712041855	0.0
0.009000658988952637	0.0
0.005272568203508854	0.0
0.02816968597471714	0.0
0.0006395762320607901	0.0
0.08111516386270523	0.0
0.00808241032063961	0.0
0.0024128281511366367	0.0
0.011500762775540352	0.0
0.2356898933649063	1.0
0.2344803363084793	0.0
0.03385482355952263	0.0
0.022072549909353256	0.0
0.022554488852620125	0.0
0.2356898933649063	0.0
0.0031151077710092068	0.0
0.2356898933649063	0.0
0.053294818848371506	1.0
0.02058083564043045	0.0
0.03135201334953308	0.0
0.07661141455173492	0.0
0.2356898933649063	1.0
0.027987277135252953	0.0
0.006970511749386787	0.0
0.01885365881025791	0.0
0.09355036914348602	0.0
0.003528607077896595	0.0
0.05118979141116142	0.0
0.037126146256923676	0.0
0.07152251899242401	0.0
0.005481034051626921	0.0
0.011747579090297222	0.0
0.0013213955098763108	0.0
0.003455634694546461	0.0
0.006179815158247948	0.0
0.00017145999299827963	0.0
0.007861867547035217	0.0
0.009439481422305107	0.0
0.18073222041130066	0.0
0.0011437323410063982	0.0
0.003294158261269331	0.0
0.0802769884467125	0.0
0.13537675142288208	0.0
0.0005771571886725724	0.0
0.16371837258338928	0.0
0.008100626990199089	0.0
0.018820876255631447	0.0
0.056811802089214325	0.0
0.0008417170029133558	0.0
0.00499711325392127	0.0
0.0006130511173978448	0.0
0.06906820088624954	0.0
4.877138417214155e-05	0.0
0.2356898933649063	0.0
0.013894863426685333	0.0
0.012484443373978138	0.0
0.053760480135679245	0.0
0.020530929788947105	0.0
0.0013759925495833158	0.0
0.001854289323091507	0.0
0.03241312876343727	0.0
0.015857955440878868	0.0
0.23191246390342712	0.0
0.06623940169811249	0.0
0.002018303144723177	0.0
0.18464669585227966	0.0
0.006920617073774338	0.0
0.048091672360897064	0.0
0.2356898933649063	1.0
0.16488677263259888	0.0
0.017442665994167328	0.0
0.01130778156220913	0.0
0.09674108028411865	1.0
0.2169123739004135	0.0
0.021591471508145332	0.0
0.00034273817436769605	0.0
0.17136679589748383	0.0
0.23156891763210297	0.0
0.2356898933649063	0.0
0.07447247952222824	0.0
0.03961096704006195	0.0
0.00707542710006237	0.0
0.2356898933649063	0.0
0.2356898933649063	1.0
0.15069390833377838	0.0
0.004510302096605301	0.0
0.006989086512476206	0.0
0.04473355412483215	0.0
0.016272177919745445	0.0
0.23116694390773773	0.0
0.0005812799790874124	0.0
0.0037657252978533506	0.0
0.02096342295408249	0.0
0.08940451592206955	0.0
0.2356898933649063	1.0
0.2356898933649063	0.0
0.008100742474198341	0.0
0.005598800722509623	0.0
0.02076229825615883	0.0
0.026712659746408463	0.0
0.006621732376515865	0.0
0.17352910339832306	0.0
0.2356898933649063	0.0
0.0024838452227413654	0.0
0.07372622191905975	0.0
0.0002749839914031327	0.0
0.08418823778629303	0.0
0.00022907034144736826	0.0
0.04866288602352142	0.0
0.04110145941376686	0.0
0.0019654713105410337	0.0
0.13671091198921204	0.0
0.0001446789101464674	0.0
0.2356898933649063	0.0
0.0058166771195828915	0.0
0.09808455407619476	0.0
0.019677696749567986	0.0
0.0021194133441895247	0.0
0.009234900586307049	0.0
0.13132014870643616	0.0
0.00704794330522418	0.0
0.0719241052865982	0.0
0.07140791416168213	0.0
0.07712110877037048	0.0
0.2356898933649063	1.0
0.2356898933649063	0.0
0.00045086879981681705	0.0
0.09170021116733551	0.0
0.0002658325538504869	0.0
0.2356898933649063	0.0
0.010225053876638412	0.0
0.052546460181474686	0.0
0.0011700039030984044	0.0
0.025178754702210426	0.0
0.013456054031848907	0.0
0.2356898933649063	0.0
0.03164537996053696	0.0
0.011269751004874706	0.0
0.02988818660378456	0.0
0.0016770365182310343	0.0
0.037682704627513885	0.0
0.03884926065802574	0.0
0.00012077844439772889	0.0
0.006313245743513107	0.0
0.000322782521834597	0.0
0.008404302410781384	0.0
0.023960744962096214	0.0
0.0029813898727297783	0.0
0.2356898933649063	1.0
0.06305362284183502	0.0
0.02334977500140667	0.0
0.031553685665130615	0.0
0.009531646966934204	0.0
0.006167474668473005	0.0
0.07220501452684402	0.0
0.00020338471222203225	0.0
0.2356898933649063	1.0
0.02239806577563286	0.0
0.035264503210783005	0.0
9.17860452318564e-05	0.0
0.23530499637126923	1.0
0.14695453643798828	0.0
0.07808276265859604	0.0
0.0012075003469362855	0.0
0.0005520825507119298	0.0
0.00851494912058115	0.0
0.0032462903764098883	0.0
3.0160279493429698e-05	0.0
0.00016402053006459028	0.0
0.11204743385314941	0.0
0.0015012510120868683	0.0
0.008906305767595768	0.0
0.019900988787412643	0.0
0.009510601870715618	0.0
0.0021195586305111647	0.0
0.05357711389660835	0.0
0.007743378635495901	0.0
0.047028638422489166	0.0
0.05652690306305885	0.0
0.0006769341416656971	0.0
0.006819864735007286	0.0
0.004609882831573486	0.0
0.02208244428038597	0.0
0.07603271305561066	0.0
0.00556142395362258	0.0
0.0007744362810626626	0.0
0.004019392188638449	0.0
0.05202244222164154	0.0
0.04912694916129112	0.0
0.011181256733834743	0.0
0.01663944497704506	0.0
0.0971025601029396	0.0
0.11430004984140396	0.0
0.0014678164152428508	0.0
0.004639585968106985	0.0
0.07500994950532913	0.0
0.028953073546290398	0.0
0.09115418791770935	0.0
0.09230797737836838	0.0
0.03083745203912258	0.0
0.11050870269536972	0.0
0.015751371160149574	0.0
0.12891070544719696	0.0
0.14066962897777557	0.0
0.16778603196144104	0.0
0.2176002562046051	0.0
0.0029233151581138372	0.0
0.14464659988880157	0.0
0.2356898933649063	1.0
0.00015266845002770424	0.0
0.05734127759933472	0.0
0.035500843077898026	0.0
0.006936332210898399	0.0
6.839494744781405e-05	0.0
0.018014708533883095	0.0
0.003741193562746048	0.0
0.026034262031316757	0.0
0.2356898933649063	1.0
0.0023925388231873512	0.0
0.029451556503772736	0.0
0.08241955190896988	0.0
0.2356898933649063	0.0
0.015816209837794304	0.0
0.2356898933649063	0.0
0.020382296293973923	0.0
0.03889584168791771	0.0
0.05000530183315277	0.0
0.06932810693979263	0.0
0.15881256759166718	0.0
0.048094891011714935	0.0
0.01546463556587696	0.0
0.006088615860790014	0.0
0.0027377125807106495	0.0
0.02841285616159439	0.0
0.09786879271268845	1.0
0.007996872067451477	0.0
0.018860334530472755	0.0
0.13805344700813293	0.0
0.029640337452292442	0.0
0.04896620288491249	0.0
0.00274740532040596	0.0
0.0020386395044624805	0.0
0.11636742949485779	0.0
0.008436514995992184	0.0
0.009879091754555702	0.0
0.003734474303200841	0.0
0.004136547911912203	0.0
0.0014019128866493702	0.0
0.005923342891037464	0.0
0.06500158458948135	0.0
3.984662180300802e-05	0.0
0.2356898933649063	0.0
0.002885127440094948	0.0
0.08045252412557602	0.0
0.006199749186635017	0.0
0.2356898933649063	1.0
0.1374802440404892	0.0
0.10702827572822571	0.0
0.012415649369359016	0.0
0.05020162835717201	0.0
0.10073533654212952	0.0
0.006362843792885542	0.0
0.003638864029198885	0.0
0.010120767168700695	0.0
0.0015405641170218587	0.0
0.2099107950925827	1.0
0.012803549878299236	0.0
0.005795236211270094	0.0
0.004547616001218557	0.0
0.2356898933649063	1.0
0.0644400492310524	0.0
0.13744306564331055	0.0
0.1257694661617279	0.0
0.0026392166037112474	0.0
0.011790191754698753	0.0
0.10469502210617065	0.0
0.01642802357673645	0.0
0.2356898933649063	1.0
0.23538295924663544	0.0
0.2356898933649063	0.0
0.1778331696987152	0.0
0.034638792276382446	0.0
0.005356846377253532	0.0
0.12066084146499634	0.0
0.08054499328136444	0.0
0.000451211875770241	0.0
0.016140928491950035	0.0
0.0007684287847951055	0.0
0.2356898933649063	1.0
0.2356898933649063	0.0
0.035951659083366394	0.0
0.0822911411523819	0.0
0.025311071425676346	0.0
0.2356898933649063	0.0
0.02656576596200466	0.0
0.016657626256346703	0.0
0.029112374410033226	0.0
0.0937577486038208	0.0
0.023724418133497238	0.0
0.068568155169487	0.0
1.986613278859295e-05	0.0
0.10104352980852127	0.0
0.12428925931453705	0.0
0.012382443062961102	0.0
0.07106608152389526	0.0
0.2103193700313568	0.0
0.001646998804062605	0.0
0.06343336403369904	0.0
0.002031368901953101	0.0
0.007721876725554466	0.0
0.0007164180278778076	0.0
0.01841382309794426	0.0
0.06843579560518265	0.0
0.006905544549226761	0.0
0.013646004721522331	0.0
0.2356898933649063	1.0
0.23566719889640808	0.0
0.08013375848531723	0.0
0.006155532319098711	0.0
0.03074207343161106	0.0
0.15921148657798767	0.0
0.23419687151908875	0.0
0.040480855852365494	0.0
0.046876370906829834	0.0
0.0062468694522976875	0.0
0.04741606116294861	1.0
0.0002688106906134635	0.0
0.006964379455894232	0.0
0.01594599336385727	0.0
0.002987632993608713	0.0
0.005095595493912697	0.0
0.011151392944157124	0.0
0.06487628817558289	0.0
0.23191644251346588	1.0
0.10314999520778656	0.0
0.10885836184024811	0.0
0.2356898933649063	0.0
0.23255492746829987	0.0
0.016085408627986908	0.0
0.03928551822900772	0.0
0.014873894862830639	0.0
0.0196748785674572	0.0
0.0022534525487571955	0.0
0.013801826164126396	0.0
0.037106700241565704	1.0
0.0862647071480751	0.0
0.0015498424181714654	0.0
0.08703815937042236	0.0
0.021542713046073914	0.0
0.005533414427191019	0.0
0.022411100566387177	0.0
0.08539538085460663	0.0
0.011752328835427761	0.0
0.2162717878818512	0.0
0.00010911831486737356	0.0
0.06793728470802307	1.0
0.031114652752876282	0.0
0.14917615056037903	0.0
0.19129878282546997	0.0
0.00017287590890191495	0.0
0.01602896675467491	0.0
0.03217518702149391	0.0
0.07789094746112823	0.0
0.0013244091533124447	0.0
0.2356898933649063	1.0
0.04471762105822563	0.0
0.013780930079519749	0.0
0.003565435064956546	0.0
0.006032301113009453	0.0
0.23568934202194214	0.0
0.07100315392017365	0.0
0.04456014558672905	0.0
0.23442533612251282	0.0
0.013842685148119926	0.0
0.00949068833142519	0.0
0.02431287057697773	0.0
0.2002013474702835	0.0
0.2356898933649063	0.0
0.009805751964449883	0.0
0.003065371885895729	0.0
0.16333582997322083	0.0
0.09631524980068207	0.0
0.014070657081902027	0.0
0.015156160108745098	0.0
0.0004011231940239668	0.0
0.05472743511199951	0.0
0.007973709143698215	0.0
0.13244402408599854	0.0
0.000529028766322881	0.0
0.00642098905518651	0.0
0.15888364613056183	1.0
0.2356898933649063	1.0
0.0038466383703052998	0.0
0.0008285155636258423	0.0
0.01951516792178154	0.0
0.03370915353298187	0.0
0.06838565319776535	0.0
0.028691792860627174	0.0
0.03015945293009281	0.0
0.023061295971274376	0.0
0.01136899646371603	0.0
0.11404881626367569	0.0
0.023931782692670822	0.0
0.0012998792808502913	0.0
0.052578154951334	1.0
0.09988574683666229	0.0
0.006033679470419884	0.0
0.0033026544842869043	0.0
0.031137168407440186	0.0
0.015761924907565117	0.0
0.018569093197584152	0.0
2.0658382709370926e-05	0.0
0.0012823952129110694	0.0
0.02997739240527153	0.0
0.13519833981990814	1.0
0.2347511202096939	1.0
0.03783655911684036	0.0
0.0023831722792237997	0.0
0.10649488121271133	0.0
0.23279805481433868	1.0
0.055612340569496155	0.0
0.04711960628628731	0.0
0.07189290225505829	0.0
0.009940448217093945	0.0
0.007422766648232937	0.0
0.13219054043293	1.0
0.008119088597595692	0.0
0.00143501628190279	0.0
0.1063309833407402	0.0
0.2356898933649063	0.0
0.2356898933649063	0.0
0.23511911928653717	1.0
0.018932748585939407	0.0
0.034561313688755035	0.0
0.022397270426154137	0.0
0.0003015509864781052	0.0
0.03432421758770943	0.0
0.050098441541194916	0.0
0.08200064301490784	0.0
0.034227777272462845	0.0
0.005947161000221968	0.0
0.04813564941287041	0.0
0.12619920074939728	0.0
7.85925003583543e-05	0.0
0.08187516778707504	1.0
0.021605730056762695	0.0
0.0006378413527272642	0.0
0.011039028875529766	0.0
0.2332874983549118	0.0
0.03529568389058113	0.0
0.20494863390922546	0.0
0.16926173865795135	0.0
0.1730385273694992	1.0
0.01775311306118965	0.0
0.20429627597332	1.0
0.02450074627995491	0.0
0.03216685727238655	0.0
0.11797882616519928	0.0
0.110120490193367	0.0
0.23547984659671783	0.0
0.09181396663188934	1.0
0.010138443671166897	0.0
0.2356898933649063	0.0
0.0018783827545121312	0.0
0.015253963880240917	0.0
0.08345337957143784	0.0
0.032821133732795715	0.0
0.2356898933649063	1.0
0.022920502349734306	0.0
0.1867266148328781	0.0
0.009415417909622192	0.0
0.00010784214828163385	0.0
0.04622139409184456	0.0
0.2356898933649063	1.0
0.028554175049066544	0.0
0.0030467731412500143	0.0
0.008338450454175472	0.0
0.003653665306046605	0.0
0.23251831531524658	0.0
0.06796333938837051	0.0
0.0002625087508931756	0.0
0.2356898933649063	0.0
0.11856663227081299	0.0
0.2356898933649063	0.0
0.01688295602798462	0.0
0.2356898933649063	0.0
0.013883950188755989	0.0
7.507440022891387e-05	0.0
0.03345659747719765	0.0
0.003955839201807976	0.0
0.05167974904179573	0.0
0.013065016828477383	0.0
0.17468880116939545	0.0
0.03222480043768883	0.0
0.1268012970685959	0.0
0.0017770427512004972	0.0
0.15658846497535706	1.0
0.05250340700149536	0.0
0.04600078612565994	0.0
0.0026953285560011864	0.0
0.0008745693485252559	0.0
0.028943190351128578	0.0
0.23536835610866547	0.0
0.010055349208414555	0.0
0.011471034958958626	0.0
0.020494995638728142	0.0
0.018292579799890518	0.0
0.2356898933649063	1.0
0.0021183749195188284	0.0
0.007215384393930435	0.0
0.009905132465064526	0.0
0.0006980546750128269	0.0
0.07076431810855865	0.0
0.07122816145420074	0.0
0.07235085964202881	0.0
0.2336636185646057	0.0
0.025830641388893127	0.0
0.15525265038013458	0.0
0.004253569059073925	0.0
0.017530273646116257	0.0
0.11835712939500809	0.0
0.049151334911584854	0.0
0.056697431951761246	0.0
0.06270480155944824	0.0
0.2356898933649063	0.0
0.011930037289857864	0.0
0.23495931923389435	1.0
0.03210166096687317	0.0
0.012666911818087101	0.0
0.23549127578735352	1.0
0.00302655971609056	0.0
0.007046855986118317	0.0
0.044977013021707535	0.0
0.0011394768953323364	0.0
0.2356898933649063	1.0
0.010193368420004845	0.0
0.014804020524024963	0.0
0.0365663506090641	0.0
0.0007223811699077487	0.0
0.009866290725767612	0.0
0.00017013207252603024	0.0
0.049704018980264664	0.0
0.16836830973625183	0.0
0.06478086113929749	0.0
0.0010826410725712776	0.0
0.06833891570568085	0.0
0.004927799105644226	0.0
0.00022820968297310174	0.0
0.2356898933649063	0.0
0.0015452051302418113	0.0
0.0012327466392889619	0.0
0.0022565145045518875	0.0
0.003049126360565424	0.0
0.21826262772083282	1.0
0.002797979861497879	0.0
0.001726524787954986	0.0
0.02446957305073738	0.0
0.0005244094063527882	0.0
0.08428609371185303	0.0
0.034445904195308685	0.0
0.22095677256584167	0.0
0.011661948636174202	0.0
0.13770973682403564	1.0
0.0430535152554512	0.0
0.01662175916135311	0.0
0.2356898933649063	1.0
0.08172918111085892	0.0
0.03364546224474907	0.0
0.022318270057439804	0.0
0.17024847865104675	0.0
0.0066191633231937885	0.0
0.05561341345310211	0.0
0.029899321496486664	0.0
0.12234979122877121	0.0
0.016965115442872047	0.0
0.08326508849859238	0.0
0.02481476590037346	0.0
0.025570785626769066	0.0
0.02200358174741268	0.0
0.1262962818145752	0.0
0.0075972615741193295	0.0
0.010024155490100384	0.0
0.2356898933649063	1.0
0.03182799741625786	0.0
0.06487967073917389	0.0
0.006152956746518612	0.0
0.010681944899260998	0.0
0.02132495678961277	0.0
0.2356898933649063	0.0
0.006065362133085728	0.0
0.012272056192159653	0.0
0.03278239443898201	0.0
0.0077169123105704784	0.0
0.2356898933649063	0.0
0.0049534994177520275	0.0
0.19578121602535248	0.0
0.022212442010641098	0.0
0.23555587232112885	1.0
0.07440107315778732	0.0
0.006315178703516722	0.0
0.2356898933649063	0.0
0.011789070442318916	0.0
0.1129889041185379	0.0
0.2356898933649063	1.0
0.002508159028366208	0.0
0.012378175742924213	0.0
0.2356898933649063	0.0
0.2356898933649063	1.0
0.015775779262185097	0.0
0.014081357978284359	0.0
0.022388199344277382	0.0
0.00012077982682967559	0.0
0.0057809180580079556	0.0
0.013325436040759087	0.0
0.0435868501663208	0.0
0.027247652411460876	0.0
0.015376600436866283	0.0
0.014397693797945976	0.0
0.12432312220335007	0.0
0.03830348327755928	0.0
0.03180231526494026	0.0
0.00014739634934812784	0.0
0.01291556004434824	0.0
0.022974971681833267	0.0
0.010602333582937717	0.0
0.0004473932203836739	0.0
0.16844582557678223	0.0
0.09306332468986511	0.0
0.024091171100735664	0.0
0.22575607895851135	1.0
0.09700511395931244	0.0
0.001341660157777369	0.0
0.05934863165020943	0.0
0.15202084183692932	0.0
0.029574064537882805	0.0
0.009368074126541615	0.0
0.03474397957324982	0.0
0.0802258774638176	0.0
0.13509435951709747	0.0
0.0341881588101387	0.0
0.01556470524519682	0.0
0.17658957839012146	0.0
0.020757559686899185	0.0
0.1305222362279892	0.0
0.10460463166236877	0.0
0.08589742332696915	0.0
0.08650925755500793	0.0
0.013303798623383045	0.0
0.2356898933649063	0.0
0.23551666736602783	1.0
0.04619460180401802	0.0
0.10859425365924835	0.0
0.01245769951492548	0.0
0.009750292636454105	0.0
0.04460917040705681	0.0
0.04737028479576111	0.0
0.028224589303135872	0.0
7.581881800433621e-05	0.0
0.1780826300382614	1.0
0.0017396615585312247	0.0
0.0613999180495739	0.0
0.05365082249045372	0.0
0.007749440148472786	0.0
0.016497479751706123	0.0
0.02053702250123024	0.0
0.2340734899044037	1.0
0.08131250739097595	0.0
0.2356898933649063	0.0
0.15642628073692322	0.0
0.05276385694742203	0.0
0.006994933355599642	0.0
0.014878032729029655	1.0
0.02239314280450344	0.0
0.003428068943321705	0.0
0.01566813513636589	0.0
0.0025565214455127716	0.0
0.06395550072193146	0.0
0.0014273999258875847	0.0
0.1865038126707077	0.0
0.2356898933649063	1.0
0.005511581432074308	0.0
0.18237103521823883	0.0
0.010023445822298527	0.0
0.16687987744808197	0.0
0.03702438250184059	0.0
0.028251374140381813	0.0
0.15712076425552368	1.0
0.00010382836626376957	0.0
0.004383876454085112	0.0
0.03860774636268616	0.0
0.0037370617501437664	0.0
0.017586998641490936	0.0
0.05740922689437866	0.0
0.1992371827363968	0.0
0.08112885802984238	0.0
0.2318560630083084	0.0
0.03595362603664398	0.0
0.007161845453083515	0.0
0.022455886006355286	0.0
0.0026670279912650585	0.0
0.004706047009676695	0.0
0.056425970047712326	0.0
0.004631768446415663	0.0
0.034772224724292755	0.0
0.2356898933649063	0.0
0.2356898933649063	1.0
0.03813202306628227	0.0
0.12501578032970428	0.0
0.002856678096577525	0.0
0.03640584275126457	0.0
0.009832678362727165	0.0
0.009343652054667473	0.0
0.2356898933649063	0.0
0.009061744436621666	0.0
0.014409879222512245	0.0
0.00847560353577137	0.0
0.007248276844620705	0.0
0.00642791111022234	0.0
0.013379390351474285	0.0
0.2356898933649063	1.0
0.03835600987076759	0.0
0.2356898933649063	0.0
0.10704025626182556	0.0
0.02830800600349903	0.0
0.17277483642101288	0.0
0.11998488754034042	0.0
0.0009610141860321164	0.0
0.0019092161674052477	0.0
0.11725780367851257	1.0
0.04586963355541229	0.0
0.01631641574203968	0.0
0.01297279167920351	0.0
0.008069350384175777	0.0
0.047292403876781464	1.0
0.0011910349130630493	0.0
0.04767822474241257	0.0
0.17015761137008667	0.0
0.000698314921464771	0.0
0.0613306500017643	0.0
0.12526264786720276	0.0
0.23386524617671967	0.0
0.01912940852344036	0.0
0.10040035843849182	0.0
0.07430899888277054	0.0
0.2248561531305313	0.0
0.12166077643632889	0.0
0.02481040358543396	0.0
0.14788614213466644	0.0
0.027603037655353546	0.0
0.002443175297230482	0.0
0.00015394415822811425	0.0
0.2356819063425064	0.0
0.01912822760641575	0.0
0.13270185887813568	1.0
0.059640657156705856	0.0
0.010859030298888683	0.0
0.14241814613342285	0.0
0.05037867650389671	0.0
0.003062490839511156	0.0
0.03877009451389313	0.0
0.12617720663547516	0.0
0.2356898933649063	1.0
0.0011299368925392628	0.0
0.0523870587348938	0.0
0.017731688916683197	0.0
0.014878032729029655	0.0
0.051849428564310074	0.0
0.055755775421857834	0.0
0.03262863680720329	0.0
0.006398950703442097	0.0
0.0009630490094423294	0.0
0.137025848031044	0.0
0.002666190732270479	0.0
0.0038542209658771753	0.0
0.00016426922229584306	0.0
0.02273857779800892	0.0
0.07644140720367432	0.0
0.17911788821220398	0.0
0.235432431101799	0.0
0.0019572237506508827	0.0
0.0003927061043214053	0.0
0.0041647604666650295	0.0
0.23553919792175293	0.0
0.2356898933649063	0.0
0.042580317705869675	0.0
0.1527041345834732	1.0
0.05843665450811386	0.0
0.012209685519337654	0.0
0.034483931958675385	0.0
0.010505990125238895	0.0
0.036083973944187164	0.0
0.017539456486701965	0.0
0.0042799049988389015	0.0
0.006235199514776468	0.0
0.21662068367004395	0.0
0.22726377844810486	0.0
0.009182458743453026	0.0
0.0007698059198446572	0.0
0.2076025903224945	0.0
0.07574650645256042	0.0
0.02070833183825016	0.0
0.012786822393536568	0.0
0.024405669420957565	0.0
0.06298185139894485	0.0
0.002326150657609105	0.0
0.07750647515058517	0.0
0.007673046085983515	0.0
0.006628321949392557	0.0
0.018953580409288406	0.0
0.003340543480589986	0.0
0.0012887584744021297	0.0
0.13600854575634003	0.0
0.160247340798378	0.0
0.2356898933649063	0.0
0.003977644257247448	0.0
0.016828591004014015	0.0
0.00010641902190400288	0.0
0.001567100640386343	0.0
0.12328790873289108	0.0
0.0002135816466761753	0.0
0.043797045946121216	0.0
0.012777423486113548	1.0
0.008216979913413525	0.0
0.0001832068373914808	0.0
0.14220407605171204	0.0
0.2356898933649063	0.0
0.014888590201735497	0.0
0.2356898933649063	1.0
0.08193504810333252	0.0
0.004123435355722904	0.0
0.01330895721912384	0.0
0.007147673051804304	0.0
0.0034340727142989635	0.0
0.020822087302803993	0.0
0.09101606160402298	0.0
6.603180372621864e-05	0.0
0.007264799904078245	0.0
0.003287017345428467	0.0
0.04493270814418793	0.0
0.026644263416528702	1.0
0.2356898933649063	0.0
0.014446595683693886	0.0
0.0029927450232207775	0.0
0.09750287234783173	0.0
0.15231314301490784	0.0
2.2263460778049193e-05	0.0
0.02275775372982025	0.0
0.010727549903094769	0.0
0.004502443131059408	0.0
0.20738662779331207	0.0
0.12143537402153015	0.0
0.000902135856449604	0.0
0.00974660087376833	0.0
0.07713088393211365	0.0
0.00025087420362979174	0.0
0.0011030141031369567	0.0
0.023064540699124336	0.0
0.00018908947822637856	0.0
0.002055433113127947	0.0
0.005519040394574404	0.0
0.05001414567232132	1.0
0.2356898933649063	0.0
0.006768170744180679	0.0
0.0034833415411412716	0.0
0.14098094403743744	1.0
0.022571764886379242	0.0
0.06331753730773926	0.0
0.03389110788702965	0.0
0.0038789454847574234	0.0
0.08195795863866806	0.0
0.2356898933649063	0.0
0.012313705869019032	0.0
0.20254498720169067	0.0
0.014035793021321297	0.0
0.07654266059398651	1.0
0.02462780848145485	0.0
0.030571676790714264	0.0
0.11423510313034058	1.0
0.07289338111877441	0.0
0.004570018965750933	0.0
0.017411131411790848	0.0
0.027258971706032753	0.0
0.14641928672790527	1.0
0.005552565213292837	0.0
0.0017364794621244073	0.0
0.050274308770895004	0.0
0.018064754083752632	0.0
0.0038992762565612793	0.0
0.02699386142194271	0.0
0.2356898933649063	0.0
0.0024570252280682325	0.0
0.05065007880330086	0.0
0.012759728357195854	0.0
0.06915616244077682	0.0
0.0477774403989315	0.0
0.1620790958404541	0.0
0.045152004808187485	0.0
0.00018881149298977107	0.0
0.006860603112727404	0.0
0.007577850949019194	0.0
0.192174032330513	0.0
0.008466344326734543	0.0
0.02526743896305561	0.0
0.06278561800718307	0.0
0.2314995378255844	0.0
0.05674730986356735	0.0
0.009180568158626556	0.0
0.05603630095720291	0.0
0.042638350278139114	0.0
0.02213171124458313	0.0
8.919156243791804e-06	0.0
0.0029251195956021547	0.0
0.23454193770885468	0.0
0.007914836518466473	0.0
0.008114117197692394	0.0
0.0005964743322692811	0.0
0.038405463099479675	0.0
0.007276056334376335	0.0
0.01043082308024168	0.0
0.23558354377746582	1.0
0.035708799958229065	0.0
8.677798177814111e-05	0.0
0.18471691012382507	0.0
0.022472692653536797	0.0
0.19692640006542206	0.0
0.002645862055942416	0.0
0.002743183169513941	0.0
0.024173004552721977	0.0
0.017284724861383438	0.0
0.02561831846833229	0.0
0.23558497428894043	1.0
0.0355365164577961	0.0
0.007882917299866676	0.0
0.046262141317129135	0.0
0.2356898933649063	0.0
0.12227977812290192	0.0
0.030489999800920486	0.0
0.15582939982414246	0.0
0.08594632893800735	0.0
0.03209400922060013	0.0
0.09165756404399872	0.0
0.0053879390470683575	0.0
0.23560546338558197	1.0
0.0015511757228523493	0.0
0.07289616018533707	0.0
0.007351955398917198	0.0
0.046948350965976715	0.0
0.003516773460432887	0.0
0.23567135632038116	0.0
0.01902175322175026	0.0
0.005872165318578482	0.0
0.002040996216237545	0.0
0.19879354536533356	0.0
0.2356898933649063	0.0
0.2356898933649063	0.0
0.0852607935667038	0.0
0.2182241529226303	1.0
0.20930396020412445	0.0
0.2356898933649063	1.0
0.12817342579364777	0.0
0.036157138645648956	0.0
0.01952509395778179	0.0
0.003489673137664795	0.0
0.02744496986269951	0.0
0.08273446559906006	0.0
0.12385225296020508	0.0
0.2354661226272583	1.0
0.0038326929789036512	0.0
0.037444230169057846	0.0
0.01733032613992691	0.0
0.0009434798848815262	0.0
0.039760999381542206	0.0
0.003939732909202576	0.0
0.02151818946003914	0.0
0.10211677849292755	0.0
0.00505204638466239	0.0
0.14463141560554504	0.0
0.02816314622759819	0.0
0.024260928854346275	0.0
0.012426710687577724	0.0
0.0548040047287941	0.0
0.019395578652620316	0.0
0.04701818525791168	0.0
0.016528673470020294	0.0
0.01276708859950304	0.0
0.11976489424705505	0.0
0.006337170954793692	0.0
0.20767052471637726	0.0
0.036050885915756226	0.0
0.0010425607906654477	0.0
0.1466728150844574	0.0
0.025387641042470932	0.0
0.23256173729896545	0.0
0.0022502215579152107	0.0
0.23405912518501282	0.0
4.0888302464736626e-05	0.0
0.2356898933649063	1.0
0.060400884598493576	0.0
0.0012625169474631548	0.0
0.029374638572335243	0.0
0.012223517522215843	0.0
0.00372067978605628	0.0
0.23456496000289917	0.0
0.0035223353188484907	0.0
2.2589303625863977e-05	0.0
0.05302801728248596	0.0
0.009687484242022038	0.0
0.01669895648956299	0.0
0.1751294732093811	0.0
0.11087430268526077	0.0
0.03361888229846954	0.0
0.020844552665948868	0.0
0.04438725486397743	0.0
0.020081249997019768	0.0
0.06626288592815399	0.0
0.0011109927436336875	0.0
0.008875091560184956	0.0
0.009917185641825199	0.0
0.02995375543832779	0.0
0.2130977362394333	1.0
0.09980735182762146	0.0
0.06726408749818802	0.0
0.004456487484276295	0.0
0.2356898933649063	0.0
0.022596683353185654	0.0
0.013011802919209003	0.0
0.17161741852760315	0.0
0.18682725727558136	0.0
0.04434572905302048	0.0
0.05350480228662491	0.0
0.0030113039538264275	0.0
7.642946002306417e-05	0.0
0.002479715971276164	0.0
0.2356898933649063	0.0
0.004192674998193979	0.0
0.18969158828258514	0.0
0.0260209571570158	0.0
0.027231555432081223	0.0
0.23364552855491638	0.0
0.008383394218981266	0.0
0.2356898933649063	1.0
0.002336578443646431	0.0
0.021794551983475685	0.0
0.001657352433539927	0.0
0.2356898933649063	0.0
0.0016947290860116482	0.0
0.005244798958301544	0.0
0.005537419579923153	0.0
0.013773267157375813	0.0
0.2356898933649063	1.0
0.010050784796476364	1.0
0.07252836227416992	0.0
0.008613047190010548	0.0
0.03644756227731705	0.0
0.0050583831034600735	0.0
0.2356898933649063	0.0
0.18920260667800903	0.0
0.004136952571570873	0.0
0.00306250830180943	0.0
0.014403500594198704	0.0
0.005560438148677349	0.0
0.09235507994890213	0.0
0.23252177238464355	1.0
0.05612866207957268	0.0
0.18214420974254608	0.0
0.03146522864699364	0.0
0.01112128421664238	0.0
0.1265820562839508	0.0
0.2356898933649063	0.0
0.01036884170025587	0.0
0.0016602299874648452	0.0
0.00014284423377830535	0.0
0.016302524134516716	0.0
0.036118172109127045	1.0
0.0006999045726843178	0.0
0.08838171511888504	0.0
0.03200528398156166	0.0
0.2031479924917221	0.0
0.0016430409159511328	0.0
0.2173994928598404	0.0
0.015782354399561882	0.0
0.1996171921491623	0.0
0.047045402228832245	0.0
0.010457133874297142	0.0
0.014870892278850079	0.0
0.0015039981808513403	0.0
0.0155811021104455	0.0
0.00676255626603961	0.0
0.14905647933483124	0.0
0.2356898933649063	0.0
0.13474859297275543	0.0
0.009825215674936771	0.0
0.06732433289289474	0.0
0.07881295680999756	0.0
0.022655226290225983	0.0
0.00015003597945906222	0.0
0.03169339895248413	0.0
0.005641437601298094	0.0
0.1922115683555603	0.0
0.06579048931598663	0.0
0.005262512248009443	0.0
0.003084957366809249	0.0
0.1218731626868248	0.0
0.0024852727074176073	0.0
0.002186722354963422	0.0
0.01992514170706272	0.0
0.07915613055229187	0.0
0.06377162039279938	0.0
0.10215958207845688	0.0
0.030004845932126045	0.0
0.06154612451791763	0.0
0.020584136247634888	0.0
0.2356898933649063	1.0
0.19238346815109253	0.0
0.0030289695132523775	0.0
0.004897159058600664	0.0
0.2356898933649063	0.0
0.028544196859002113	0.0
0.0010681906715035439	0.0
0.04145187884569168	0.0
0.054893750697374344	0.0
0.0013813823461532593	0.0
0.015923673287034035	0.0
0.06385499238967896	0.0
0.03790535405278206	0.0
0.023547807708382607	0.0
0.03823899105191231	0.0
0.2356898933649063	0.0
0.2356898933649063	1.0
0.19916953146457672	0.0
0.006962855812162161	0.0
0.009473932906985283	0.0
0.007885027676820755	0.0
0.07174456119537354	0.0
0.017609452828764915	0.0
0.057078637182712555	1.0
0.10982228070497513	0.0
0.007235476281493902	0.0
0.2356898933649063	0.0
0.014033852145075798	0.0
0.2343522310256958	0.0
0.014519781805574894	0.0
0.08474601805210114	0.0
0.07455626875162125	1.0
0.08529045432806015	0.0
0.001274707494303584	0.0
0.005757177248597145	0.0
0.02518485113978386	0.0
0.11478789150714874	1.0
0.0011669819941744208	0.0
0.1515180617570877	0.0
0.00012617211905308068	0.0
0.05162832513451576	0.0
0.0026346768718212843	0.0
0.015810851007699966	0.0
0.2356898933649063	0.0
0.02870093658566475	0.0
0.022269416600465775	0.0
0.007089477498084307	0.0
0.00010504081001272425	0.0
0.0332002267241478	0.0
0.007287096697837114	0.0
0.019293900579214096	0.0
0.012911657802760601	0.0
0.016102096065878868	0.0
0.02704613283276558	0.0
0.22299043834209442	0.0
0.2356898933649063	0.0
0.018143514171242714	0.0
0.020916679874062538	0.0
0.2257608324289322	1.0
0.01550301443785429	0.0
0.004980324301868677	0.0
0.005284987390041351	0.0
0.023153776302933693	0.0
0.1995236724615097	0.0
0.2356898933649063	0.0
0.054684463888406754	0.0
0.13554328680038452	1.0
0.002488298574462533	0.0
0.00010084845416713506	0.0
0.04611872881650925	0.0
0.00029103411361575127	0.0
0.025726234540343285	0.0
0.2093350887298584	0.0
0.018307529389858246	0.0
0.00462274020537734	0.0
0.22669507563114166	1.0
0.026322977617383003	0.0
0.23166294395923615	0.0
0.021409984678030014	0.0
0.1358572542667389	0.0
0.23297099769115448	0.0
0.05034315958619118	0.0
0.02945423312485218	0.0
0.20443008840084076	0.0
0.000635170959867537	0.0
0.026415569707751274	0.0
0.03553084656596184	0.0
0.2356898933649063	0.0
0.006715585943311453	0.0
0.03188863769173622	0.0
0.08253482729196548	0.0
0.07549320161342621	0.0
0.014825483784079552	0.0
0.13676011562347412	0.0
0.0010741236619651318	0.0
0.00016285653691738844	0.0
0.03171906620264053	0.0
0.0668259710073471	0.0
0.0011305763619020581	0.0
0.005453211721032858	0.0
0.022074170410633087	0.0
0.00019332816009409726	0.0
0.029197808355093002	0.0
0.003146511735394597	0.0
0.0003379194822628051	0.0
2.150643013010267e-05	0.0
0.008338801562786102	0.0
0.2356349527835846	0.0
0.14509037137031555	0.0
0.2333265095949173	0.0
0.02683386206626892	0.0
0.018260817974805832	0.0
0.06330061703920364	0.0
0.0027532537933439016	0.0
0.02753657102584839	0.0
0.01280154287815094	0.0
0.0655742809176445	0.0
0.2356898933649063	0.0
0.025441521778702736	0.0
0.008926844224333763	0.0
0.014962833374738693	0.0
0.014300137758255005	0.0
0.010580897331237793	0.0
0.14830347895622253	0.0
0.09625338762998581	0.0
0.007365058641880751	0.0
0.22311899065971375	0.0
0.17815864086151123	1.0
0.03961572051048279	0.0
0.04581721872091293	0.0
0.005585484206676483	0.0
0.011715484783053398	0.0
0.17705239355564117	0.0
0.005873521324247122	0.0
0.005583363119512796	0.0
0.09258292615413666	0.0
0.2356898933649063	1.0
0.01800702139735222	0.0
0.04020475223660469	0.0
0.005552228074520826	0.0
0.010875513777136803	0.0
0.08319313079118729	0.0
0.015347590669989586	0.0
0.007963249459862709	0.0
0.06102001667022705	1.0
0.0016159528167918324	0.0
0.022113634273409843	0.0
0.06240870803594589	0.0
0.0252256840467453	0.0
0.005728505086153746	0.0
0.10307271033525467	0.0
0.013526064343750477	0.0
0.2356898933649063	0.0
0.007846814580261707	0.0
0.005545602645725012	0.0
0.0010777849238365889	0.0
0.11205713450908661	1.0
0.003484420944005251	0.0
0.0045743719674646854	0.0
0.0036572946701198816	0.0
0.20947030186653137	0.0
0.04259385168552399	0.0
0.05887416750192642	0.0
0.04092060774564743	0.0
0.06027586758136749	0.0
0.017485646530985832	0.0
0.23178990185260773	0.0
0.022774331271648407	0.0
3.899617149727419e-05	0.0
0.004898148588836193	0.0
0.0005102978320792317	0.0
0.0284972433000803	0.0
0.026217591017484665	0.0
0.03470377251505852	0.0
0.0004040622152388096	0.0
0.02379007637500763	0.0
0.002393996110185981	0.0
0.01161665003746748	0.0
0.19228726625442505	0.0
0.02385600097477436	0.0
0.004142665769904852	0.0
0.0011687284568324685	0.0
0.009954588487744331	0.0
0.003015203168615699	0.0
0.16590996086597443	1.0
0.0014158032136037946	0.0
0.0018238862976431847	0.0
0.0012474782997742295	0.0
0.0007321784505620599	0.0
0.026257025077939034	0.0
0.13149785995483398	0.0
0.10843347758054733	0.0
0.002076796954497695	0.0
0.002880157670006156	0.0
0.01627202518284321	0.0
0.012651165015995502	0.0
0.17142696678638458	0.0
0.0033071874640882015	0.0
0.058877408504486084	0.0
0.01777118258178234	0.0
0.2356898933649063	0.0
0.0855066329240799	0.0
0.004669905174523592	0.0
0.006861223839223385	0.0
0.011680308729410172	0.0
0.14232197403907776	0.0
0.2348097860813141	0.0
0.10535269230604172	0.0
0.048421379178762436	0.0
0.0064836544916033745	0.0
0.034151121973991394	0.0
0.002676458330824971	0.0
0.005142825189977884	0.0
0.005031322594732046	0.0
0.000297030434012413	0.0
0.0035281141754239798	0.0
0.07691584527492523	0.0
0.020594535395503044	0.0
0.2356898933649063	0.0
0.08431652933359146	0.0
0.005686618387699127	0.0
0.003139543579891324	0.0
0.2356898933649063	0.0
0.028086824342608452	0.0
0.0424591600894928	0.0
0.003741207765415311	0.0
0.000665595754981041	0.0
0.0037396796979010105	0.0
0.05562008544802666	0.0
0.02821754664182663	0.0
0.032516177743673325	0.0
0.0021668742410838604	0.0
0.13996323943138123	1.0
0.10441963374614716	0.0
0.0075849005952477455	0.0
0.035187866538763046	0.0
0.03040352836251259	0.0
0.16443569958209991	1.0
0.23212707042694092	0.0
0.008187058381736279	0.0
0.2356898933649063	0.0
0.009606176987290382	0.0
0.011568918824195862	0.0
0.012338876724243164	0.0
0.10278016328811646	0.0
0.008555866777896881	0.0
0.07217415422201157	0.0
0.004783266689628363	0.0
0.004478245507925749	0.0
0.23321397602558136	0.0
0.08367237448692322	0.0
0.2356898933649063	1.0
0.0006264780531637371	0.0
0.04396092891693115	0.0
0.038971371948719025	1.0
0.012074272148311138	0.0
0.17627756297588348	0.0
0.05188422650098801	0.0
0.2356898933649063	1.0
0.00239369529299438	0.0
0.0002485974400769919	0.0
0.1801462322473526	0.0
0.006960379891097546	0.0
0.00028840318555012345	0.0
0.014477403834462166	0.0
0.02281394973397255	0.0
0.012106954120099545	0.0
0.019269021227955818	0.0
0.0473434254527092	0.0
0.009023919701576233	0.0
0.009503201581537724	0.0
0.0013360966695472598	0.0
0.021081672981381416	0.0
0.046661388128995895	0.0
0.01737702451646328	0.0
0.00083124142838642	0.0
0.012504040263593197	0.0
0.0799018070101738	0.0
0.020532630383968353	0.0
0.03536549583077431	0.0
0.1144585907459259	0.0
0.006170813459903002	0.0
0.10995978862047195	0.0
0.04197454825043678	0.0
0.059102848172187805	0.0
0.0412195548415184	0.0
0.2346435934305191	0.0
0.0005529773188754916	0.0
0.025668561458587646	0.0
0.02755606360733509	0.0
0.0033273324370384216	0.0
0.0037983041256666183	0.0
0.002063920721411705	0.0
0.23166947066783905	0.0
0.07218565791845322	0.0
0.12131945043802261	1.0
0.024406610056757927	0.0
0.0017695354763418436	0.0
0.0004568207950796932	0.0
0.05493835732340813	0.0
0.0743381604552269	0.0
0.02191709168255329	0.0
0.009012213908135891	0.0
0.004855246748775244	0.0
0.00017840614600572735	0.0
0.0158569123595953	0.0
0.013691382482647896	0.0
0.007438748609274626	0.0
0.00079678266774863	0.0
0.008275623433291912	0.0
0.07740455865859985	0.0
0.20704792439937592	0.0
0.19538284838199615	0.0
0.023561855778098106	0.0
4.586657814797945e-05	0.0
0.17932075262069702	0.0
0.0033917329274117947	0.0
0.1274394392967224	0.0
0.2356898933649063	0.0
0.16044029593467712	0.0
0.1041075587272644	0.0
0.041048306971788406	0.0
0.18813708424568176	1.0
0.028655264526605606	0.0
0.23513701558113098	0.0
0.00030850007897242904	0.0
0.014405167661607265	0.0
0.009247198700904846	0.0
0.05183883383870125	0.0
0.014297066256403923	0.0
0.0440153107047081	0.0
0.15500487387180328	0.0
0.11381823569536209	0.0
0.093529112637043	0.0
0.015712084248661995	0.0
0.0005299210315570235	0.0
0.0038492081221193075	0.0
0.034521352499723434	0.0
0.10425842553377151	0.0
0.11775016039609909	0.0
0.001599716255441308	0.0
0.0027440886478871107	0.0
0.23328885436058044	1.0
0.15926885604858398	0.0
0.0004717325500678271	0.0
0.09494097530841827	0.0
0.012803476303815842	0.0
0.03223424032330513	0.0
0.1827603280544281	0.0
0.023799655959010124	0.0
0.10849511623382568	0.0
0.020872410386800766	0.0
0.007219074293971062	0.0
0.06496433913707733	0.0
0.1721177101135254	1.0
0.060848675668239594	0.0
0.2356898933649063	0.0
0.01476774737238884	0.0
0.0017204978503286839	0.0
0.06400769203901291	0.0
0.17373913526535034	0.0
0.005485826637595892	0.0
0.2356898933649063	0.0
0.0027801261749118567	0.0
0.01464341301470995	0.0
0.20517918467521667	0.0
0.008458334021270275	0.0
0.09310564398765564	0.0
0.0004781311145052314	0.0
0.011141995899379253	0.0
0.12288091331720352	0.0
0.040723733603954315	0.0
0.006677569821476936	0.0
0.017933042719960213	0.0
0.007922455668449402	0.0
0.019307253882288933	0.0
0.0014896251959726214	0.0
0.07277912646532059	0.0
0.008860250934958458	0.0
0.047248758375644684	0.0
0.07609298080205917	0.0
0.03284798189997673	0.0
0.06279164552688599	0.0
0.011735460720956326	0.0
0.2356898933649063	0.0
0.006327686831355095	0.0
0.03605300933122635	0.0
0.07402662932872772	0.0
0.022309329360723495	0.0
0.12745505571365356	0.0
0.019674092531204224	0.0
0.003527118591591716	0.0
0.2356898933649063	1.0
0.015733985230326653	0.0
0.03696880862116814	0.0
0.0635467991232872	0.0
0.004780945368111134	0.0
0.11653023213148117	0.0
0.001996511360630393	0.0
0.0030211692210286856	0.0
0.2356898933649063	0.0
0.2120869755744934	0.0
0.018668048083782196	0.0
0.009940331801772118	0.0
0.03209052234888077	0.0
0.04325306415557861	0.0
0.001626783749088645	0.0
0.14108528196811676	1.0
0.0439905971288681	0.0
0.07206329703330994	0.0
0.009237789548933506	0.0
0.0011501992121338844	0.0
0.0585080087184906	0.0
0.2356898933649063	0.0
0.05950590968132019	0.0
0.17296069860458374	0.0
0.0002213874540757388	0.0
0.04084061458706856	0.0
0.0006579962791875005	0.0
0.06672897934913635	0.0
0.008487297222018242	0.0
0.05035259574651718	0.0
0.0486890934407711	0.0
0.011047163046896458	0.0
0.004631770774722099	0.0
0.23474891483783722	0.0
0.0015440181596204638	0.0
0.026792118325829506	0.0
0.23379620909690857	0.0
0.04069928079843521	0.0
0.01671457476913929	0.0
0.023179491981863976	0.0
0.03563189134001732	0.0
0.0017642908496782184	0.0
0.09675446152687073	0.0
0.006433041766285896	0.0
0.2356898933649063	0.0
0.0058968267403542995	0.0
0.004648437723517418	0.0
0.22302758693695068	0.0
0.05258209630846977	0.0
0.017280973494052887	0.0
0.06769994646310806	0.0
0.014917038381099701	0.0
0.014457999728620052	0.0
0.0052757905796170235	0.0
0.007589926943182945	0.0
0.13571342825889587	0.0
0.1115972250699997	0.0
0.01700085774064064	0.0
0.2340736836194992	0.0
0.060573261231184006	0.0
0.17143256962299347	0.0
0.028483634814620018	0.0
0.06976784765720367	0.0
0.0030665146186947823	0.0
0.035899072885513306	0.0
0.0779634490609169	1.0
0.05590061470866203	0.0
0.007669440936297178	0.0
0.00012021670409012586	0.0
0.003786446526646614	0.0
0.029860977083444595	0.0
0.031067924574017525	0.0
0.0057361233048141	0.0
0.17134572565555573	0.0
0.06053519621491432	0.0
0.015406112186610699	0.0
0.0013945477548986673	0.0
0.0047606369480490685	0.0
0.04154869541525841	0.0
0.04617002233862877	0.0
0.1463749259710312	0.0
0.0005260123871266842	0.0
0.005344761535525322	0.0
0.0054111299104988575	0.0
0.057151563465595245	0.0
0.015380348078906536	0.0
0.012267837300896645	0.0
0.05986877530813217	0.0
0.0017738939495757222	0.0
0.05049619823694229	0.0
0.003718930296599865	0.0
0.01240034680813551	0.0
0.02131122536957264	0.0
0.20013543963432312	0.0
0.015079708769917488	0.0
0.01062855590134859	0.0
0.003732530400156975	0.0
0.015249121934175491	0.0
0.0002899971150327474	0.0
0.090448297560215	0.0
0.00466472003608942	0.0
0.007443801965564489	0.0
0.2356434017419815	0.0
0.0011804371606558561	0.0
8.713036550034303e-06	0.0
0.01627988927066326	0.0
0.007638569455593824	0.0
0.001994881546124816	0.0
0.007972118444740772	0.0
0.09195893257856369	0.0
0.028679601848125458	1.0
0.0015418922994285822	0.0
0.0023307232186198235	0.0
0.004060307051986456	0.0
0.17777512967586517	0.0
0.23568324744701385	0.0
0.1326414942741394	0.0
0.03039669245481491	0.0
0.022156860679388046	0.0
0.024757595732808113	0.0
0.0011180189903825521	0.0
0.013184178620576859	0.0
0.018705829977989197	0.0
0.020976640284061432	1.0
0.0020201574079692364	0.0
0.004131636582314968	0.0
0.03816153109073639	0.0
0.024911493062973022	0.0
0.004073718562722206	0.0
0.05639619752764702	0.0
0.07637032121419907	0.0
0.023279305547475815	0.0
0.014875810593366623	0.0
0.01851118914783001	0.0
0.0023476220667362213	0.0
0.15606561303138733	0.0
0.05577877163887024	0.0
0.017512034624814987	0.0
0.04042969271540642	0.0
0.029625166207551956	0.0
0.02477383427321911	0.0
0.007063610944896936	0.0
0.2145458310842514	0.0
0.16026856005191803	0.0
0.2356898933649063	0.0
0.1679120808839798	0.0
0.0033976275008171797	0.0
0.12113651633262634	0.0
0.052058301866054535	0.0
0.06679549813270569	0.0
0.02195155620574951	0.0
0.23500202596187592	0.0
0.001483687898144126	0.0
0.0015830730553716421	0.0
0.1479467749595642	0.0
0.0001059631395037286	0.0
0.2355036437511444	1.0
0.2356898933649063	0.0
0.0009462183807045221	0.0
0.0069028702564537525	0.0
0.019225656986236572	0.0
0.013532612472772598	0.0
0.07894893735647202	0.0
0.14526771008968353	0.0
0.15231965482234955	0.0
0.03300319239497185	0.0
0.0035135962534695864	0.0
0.014136356301605701	0.0
0.07123856246471405	1.0
0.00426086550578475	0.0
0.02356213517487049	0.0
0.23153485357761383	1.0
0.021769648417830467	0.0
0.02750912494957447	0.0
0.0006130954716354609	0.0
0.13307994604110718	0.0
0.01688428595662117	0.0
0.14889074862003326	0.0
0.019050907343626022	0.0
0.0012673989403992891	0.0
0.05864095315337181	0.0
0.0016498756594955921	0.0
0.0025282620918005705	0.0
0.04075062274932861	0.0
0.06754099577665329	0.0
0.012975734658539295	0.0
0.19374670088291168	0.0
0.00045091003994457424	0.0
0.044450242072343826	0.0
0.019834913313388824	0.0
0.2356898933649063	1.0
0.019006529822945595	0.0
0.002171591157093644	0.0
0.1283886581659317	0.0
0.12903322279453278	0.0
0.0031490251421928406	0.0
0.05669419839978218	0.0
0.007668117061257362	0.0
0.2356898933649063	1.0
0.004484155215322971	0.0
0.005461623426526785	0.0
0.22107282280921936	0.0
0.003261648118495941	0.0
0.0056429761461913586	0.0
0.2346460074186325	0.0
0.1325770616531372	0.0
0.032081615179777145	0.0
0.10765188932418823	0.0
0.2330697625875473	0.0
0.0023422962985932827	0.0
0.015990355983376503	0.0
0.2356898933649063	0.0
0.07097417116165161	0.0
0.09855403751134872	0.0
0.23416440188884735	0.0
0.15805396437644958	0.0
0.2083856165409088	0.0
0.21665316820144653	0.0
0.0002251072583021596	0.0
0.0012274015462026	0.0
0.07073374092578888	0.0
0.046977512538433075	0.0
0.22132189571857452	0.0
0.024335935711860657	1.0
0.050388384610414505	0.0
0.004473522305488586	0.0
0.2023974359035492	0.0
0.0019139598589390516	0.0
0.0669931024312973	0.0
0.0025064251385629177	0.0
0.0032555058132857084	0.0
3.224844112992287e-05	0.0
0.2356898933649063	1.0
0.021174008026719093	0.0
0.001689850352704525	0.0
0.015460111200809479	0.0
0.0017964157741516829	0.0
0.11691796779632568	0.0
0.039367929100990295	0.0
0.010347793810069561	0.0
0.01219795923680067	0.0
0.009929084219038486	0.0
0.06136460229754448	0.0
0.004902971442788839	0.0
0.030652523040771484	0.0
0.002797969151288271	0.0
0.00013419217430055141	0.0
0.0017791111022233963	0.0
0.015284938737750053	0.0
0.03604845330119133	0.0
0.007471392396837473	0.0
0.2356898933649063	1.0
0.0008045465801842511	0.0
0.026331406086683273	0.0
0.021106598898768425	0.0
0.00011908589658560231	0.0
0.00037697143852710724	0.0
0.02618277072906494	0.0
0.00020979324472136796	0.0
0.2356898933649063	1.0
0.083084337413311	0.0
0.09834843128919601	0.0
0.008885192684829235	0.0
0.005446750670671463	0.0
0.01726498082280159	0.0
0.09646376967430115	0.0
0.009850554168224335	0.0
0.002183100674301386	0.0
0.005117692053318024	0.0
0.021764865145087242	0.0
0.2356898933649063	0.0
0.0006259206566028297	0.0
0.029503941535949707	0.0
0.23398840427398682	0.0
0.02382107637822628	0.0
0.021710556000471115	0.0
0.052134305238723755	1.0
0.010798199102282524	0.0
0.013480814173817635	0.0
0.04561378061771393	0.0
0.2356898933649063	1.0
0.0010714674135670066	0.0
0.23510751128196716	1.0
0.05974661931395531	0.0
0.008139685727655888	0.0
0.2356898933649063	0.0
0.020881008356809616	0.0
0.2356898933649063	0.0
0.04934881627559662	0.0
0.00017172342631965876	0.0
0.016192255541682243	0.0
0.0021722896490246058	0.0
0.00012977169535588473	0.0
0.03308117389678955	0.0
0.04822266474366188	0.0
0.02808230370283127	0.0
0.014855992048978806	0.0
0.052896976470947266	0.0
0.005110452882945538	0.0
0.052406542003154755	0.0
0.019539061933755875	0.0
0.04240471124649048	0.0
0.17241230607032776	0.0
0.03962685912847519	0.0
0.00809727143496275	0.0
0.0008219887386076152	0.0
0.06608158349990845	0.0
0.010435441508889198	0.0
0.2356898933649063	0.0
0.0012817198876291513	0.0
0.2356898933649063	0.0
0.020334739238023758	0.0
0.2356898933649063	0.0
0.1604767143726349	0.0
0.1429586410522461	0.0
0.009788981638848782	0.0
0.23429358005523682	0.0
0.008394627831876278	0.0
0.23561371862888336	1.0
0.2345145046710968	1.0
0.13070771098136902	0.0
0.2356898933649063	1.0
0.001127255498431623	0.0
0.017505858093500137	0.0
0.2356898933649063	0.0
0.012485847808420658	0.0
0.11614415049552917	0.0
0.00869945902377367	0.0
0.09221154451370239	0.0
0.004637455102056265	0.0
0.0849791169166565	0.0
0.2025037556886673	0.0
0.0002692472480703145	0.0
0.0800548642873764	1.0
0.011331913992762566	0.0
0.06625203043222427	0.0
0.20131921768188477	0.0
0.03565644100308418	0.0
0.2356898933649063	0.0
0.2356898933649063	0.0
0.16217868030071259	0.0
0.00187946658115834	0.0
0.013636630028486252	0.0
0.004537488333880901	0.0
0.008597946725785732	0.0
0.02048150822520256	0.0
0.09088949859142303	0.0
0.00048726503155194223	0.0
0.15515123307704926	0.0
0.18229307234287262	0.0
0.05509618669748306	0.0
0.09306537359952927	0.0
0.004475213121622801	0.0
0.1594318151473999	0.0
0.015089995227754116	0.0
0.13763415813446045	0.0
0.09152045100927353	0.0
0.007825578562915325	0.0
0.000726181548088789	0.0
0.02081158198416233	0.0
0.015624554827809334	0.0
0.0005096993991173804	0.0
0.08975162357091904	0.0
0.018103739246726036	0.0
0.1305634081363678	0.0
0.06464672833681107	0.0
0.01681378111243248	0.0
0.0036797779612243176	0.0
0.003924679942429066	0.0
0.15857313573360443	0.0
0.012013359926640987	0.0
0.06345450133085251	0.0
0.0047906930558383465	0.0
0.02634383551776409	0.0
0.011592350900173187	0.0
0.009212194941937923	0.0
0.006370684131979942	0.0
0.05982162803411484	0.0
0.0865463837981224	0.0
0.22287370264530182	0.0
0.01610906980931759	0.0
0.02705230377614498	0.0
0.05634024366736412	0.0
0.03139953687787056	0.0
0.00794028490781784	0.0
0.2356898933649063	0.0
0.04989345371723175	0.0
0.019754568114876747	0.0
0.15971045196056366	0.0
0.2356898933649063	0.0
0.05341228470206261	0.0
0.011055746115744114	0.0
0.010199883952736855	0.0
0.009206090122461319	0.0
0.0037886272184550762	0.0
0.21682924032211304	0.0
0.008152315393090248	0.0
0.029468143358826637	0.0
0.00042906240560114384	0.0
0.0007841800688765943	0.0
0.0531747043132782	1.0
0.1046714037656784	0.0
0.0019522225484251976	0.0
0.004751793574541807	0.0
0.2356898933649063	0.0
0.035683438181877136	0.0
0.024987533688545227	0.0
0.005145829636603594	0.0
0.0162278451025486	0.0
0.009986520744860172	0.0
0.01955723948776722	0.0
0.2356898933649063	0.0
0.008273824118077755	0.0
0.01504647359251976	0.0
0.01059399452060461	0.0
0.09526488929986954	0.0
0.016334887593984604	0.0
0.03886197507381439	0.0
0.23538723587989807	0.0
0.2356898933649063	1.0
0.19151492416858673	0.0
0.004804475698620081	0.0
0.01997961290180683	0.0
0.009577782824635506	0.0
0.006018188316375017	0.0
0.014253626577556133	0.0
0.013959345407783985	0.0
0.029888132587075233	0.0
0.010698511265218258	0.0
0.03483155742287636	0.0
0.2356898933649063	0.0
0.07839979231357574	0.0
0.20289646089076996	0.0
0.1403510719537735	0.0
0.09241118282079697	0.0
0.006739995442330837	0.0
0.013685318641364574	0.0
0.22563599050045013	0.0
0.204095259308815	0.0
0.008308845572173595	0.0
0.011150551959872246	0.0
0.1407196968793869	0.0
0.004817688371986151	0.0
0.03685712441802025	0.0
0.023228509351611137	0.0
0.002685196464881301	0.0
0.006253070663660765	0.0
0.0008306110976263881	0.0
0.0020004294347018003	0.0
0.052813153713941574	0.0
0.007789199240505695	1.0
0.010432968847453594	0.0
0.024768438190221786	0.0
0.0030802623368799686	0.0
0.04401756823062897	1.0
0.0022753498051315546	0.0
0.13723358511924744	0.0
0.23533619940280914	0.0
0.2356898933649063	0.0
0.023119553923606873	0.0
0.1396312415599823	1.0
0.03143387660384178	0.0
0.012364456430077553	0.0
0.2356898933649063	1.0
0.0005023194826208055	0.0
0.21022428572177887	0.0
0.10680694133043289	0.0
0.051414232701063156	0.0
4.9377980758436024e-05	0.0
0.0062864371575415134	0.0
0.013373192399740219	0.0
0.018393535166978836	0.0
0.11264713853597641	0.0
0.1297311782836914	0.0
0.2356898933649063	1.0
0.10383602976799011	0.0
0.01382751390337944	0.0
0.00029947268194518983	0.0
0.02294945903122425	0.0
0.0141122005879879	0.0
0.0192605871707201	0.0
0.21875010430812836	0.0
0.012111409567296505	0.0
0.026656663045287132	0.0
0.18469035625457764	0.0
0.2356898933649063	0.0
0.0012784560676664114	0.0
0.030615726485848427	0.0
0.032205980271101	0.0
0.031927332282066345	0.0
0.2356898933649063	0.0
0.0010928935371339321	0.0
0.21583245694637299	1.0
0.2356898933649063	0.0
0.1762622594833374	0.0
0.023103125393390656	0.0
3.042379285034258e-05	0.0
