0.0008911695913411677	0.0
0.04697331413626671	0.0
0.10657546669244766	0.0
0.23070542514324188	1.0
0.16428902745246887	0.0
0.0104787927120924	0.0
0.000302785134408623	0.0
0.02636854536831379	0.0
0.052778419107198715	0.0
0.2239350527524948	0.0
0.2245558798313141	0.0
0.03633727505803108	0.0
0.06270957738161087	0.0
0.003933013416826725	0.0
0.23311735689640045	0.0
0.03266109526157379	0.0
0.032599203288555145	0.0
0.01322023943066597	0.0
0.0033853433560580015	0.0
0.02782003954052925	0.0
0.04851202294230461	1.0
0.0707055851817131	1.0
0.002140611642971635	0.0
0.005978233180940151	0.0
0.0719890221953392	0.0
0.1524609923362732	0.0
0.2101299911737442	0.0
0.16332073509693146	0.0
0.13489854335784912	0.0
0.02356257662177086	0.0
0.15598022937774658	0.0
0.03534478694200516	0.0
0.10172321647405624	0.0
0.1429707556962967	0.0
0.005125630181282759	0.0
0.030428363010287285	0.0
0.019213607534766197	0.0
0.0015786519506946206	0.0
0.15009887516498566	0.0
0.12282487750053406	0.0
0.029807914048433304	0.0
0.006501512601971626	0.0
0.1750742495059967	0.0
0.033986896276474	0.0
0.011139873415231705	0.0
0.10883916169404984	0.0
0.00033807288855314255	0.0
0.08709941059350967	0.0
0.021142808720469475	0.0
0.004231237806379795	0.0
0.01055846642702818	0.0
0.07299832254648209	0.0
0.11151920258998871	1.0
0.17433620989322662	0.0
0.0007471886929124594	0.0
0.08950848877429962	0.0
0.029425859451293945	1.0
0.02487405203282833	0.0
0.2247111201286316	0.0
0.07076152414083481	0.0
0.017146434634923935	0.0
0.07067025452852249	0.0
0.0024603840429335833	0.0
0.06805609911680222	0.0
0.010477675125002861	0.0
0.1817587912082672	0.0
0.028513994067907333	0.0
0.2330813705921173	0.0
0.0396459735929966	0.0
0.040628354996442795	0.0
0.04006679356098175	0.0
0.002719621639698744	0.0
0.007285302970558405	0.0
0.0003002056328114122	0.0
0.06266195327043533	0.0
0.08293820917606354	0.0
0.013998761773109436	0.0
0.025435470044612885	0.0
0.042438704520463943	1.0
0.03162510320544243	0.0
0.005328986793756485	0.0
0.07281346619129181	0.0
0.09663375467061996	0.0
0.005868976470082998	0.0
0.07894206047058105	0.0
0.0014234037371352315	0.0
0.01748226024210453	0.0
0.23316888511180878	0.0
0.016666229814291	0.0
0.027092626318335533	0.0
0.0017599478596821427	0.0
0.04639166221022606	1.0
0.010550458915531635	0.0
0.0016943401424214244	0.0
0.05634559690952301	0.0
0.004273601807653904	0.0
0.07286801934242249	0.0
0.2107638269662857	1.0
0.14010363817214966	1.0
0.23316888511180878	1.0
0.23316888511180878	1.0
0.0665791779756546	0.0
0.014250176958739758	0.0
0.00045007263543084264	0.0
0.03619614616036415	0.0
0.019435059279203415	0.0
0.027611084282398224	0.0
0.09692966192960739	0.0
0.019182179123163223	0.0
0.16088497638702393	0.0
0.10931965708732605	0.0
0.05207154154777527	0.0
0.03167397156357765	0.0
0.03565841168165207	0.0
0.003804313251748681	0.0
0.22221313416957855	1.0
0.1439402997493744	1.0
0.09246338158845901	0.0
0.02654854767024517	0.0
0.16785793006420135	0.0
0.060274697840213776	0.0
0.026474934071302414	0.0
0.008784595876932144	0.0
0.0036142561584711075	0.0
0.009837163612246513	0.0
0.09470555931329727	0.0
0.013407707214355469	0.0
0.008818840608000755	0.0
0.07315831631422043	0.0
0.14277130365371704	0.0
0.010114634409546852	0.0
0.003716676961630583	0.0
0.04596475511789322	0.0
0.010095937177538872	0.0
0.14904245734214783	0.0
0.011512722820043564	0.0
0.01870744116604328	0.0
0.045767128467559814	0.0
0.0012222332879900932	0.0
0.0045568207278847694	0.0
0.11638952046632767	1.0
0.10381537675857544	0.0
0.02412942238152027	0.0
0.23102881014347076	0.0
0.13239715993404388	1.0
0.1563473492860794	0.0
0.03827488049864769	0.0
0.18494126200675964	0.0
0.0034469293896108866	0.0
0.23316888511180878	0.0
0.16605441272258759	0.0
0.008023928850889206	0.0
0.12976710498332977	0.0
0.006951372139155865	0.0
0.05068303644657135	0.0
0.13757982850074768	0.0
0.01621674932539463	0.0
0.002997506409883499	0.0
0.22338390350341797	0.0
0.011030749417841434	0.0
0.13852845132350922	0.0
0.07310090959072113	0.0
0.04327831789851189	0.0
0.05534963309764862	0.0
0.004296724684536457	0.0
0.07294770330190659	0.0
0.1565982699394226	0.0
0.07019633799791336	0.0
0.008170525543391705	0.0
0.0026250462979078293	0.0
0.21477992832660675	1.0
0.012571729719638824	0.0
0.1742737740278244	0.0
0.05949272960424423	0.0
0.012702886015176773	0.0
0.006323406472802162	0.0
0.15519632399082184	0.0
0.08956942707300186	0.0
0.20935319364070892	0.0
0.00010989154543494806	0.0
0.0024440563283860683	0.0
0.23316888511180878	0.0
0.11350055038928986	0.0
0.20029324293136597	0.0
0.08087795227766037	0.0
0.021601112559437752	0.0
0.008766163140535355	0.0
0.000600581057369709	0.0
0.009642227552831173	0.0
0.21151451766490936	0.0
0.08361076563596725	0.0
0.04599223658442497	0.0
0.12147891521453857	0.0
0.03849959373474121	0.0
0.036287061870098114	0.0
0.21588200330734253	0.0
0.019642774015665054	0.0
0.01952292211353779	0.0
0.027858491986989975	0.0
0.1510085016489029	0.0
0.02413414604961872	0.0
0.009842357598245144	0.0
0.15648001432418823	0.0
0.006990042980760336	0.0
0.01617499440908432	0.0
0.010423226282000542	0.0
0.0016367954667657614	0.0
0.015407499857246876	0.0
0.1854347288608551	0.0
0.06282277405261993	0.0
0.01686958596110344	0.0
0.01094086654484272	0.0
0.2151177078485489	0.0
0.003282346064224839	0.0
0.00840484257787466	0.0
0.006243448704481125	0.0
0.020640360191464424	0.0
0.07959102094173431	0.0
0.0705236941576004	0.0
0.059347644448280334	0.0
0.05329976975917816	1.0
0.1846860945224762	0.0
0.004114489071071148	0.0
0.0027807108126580715	0.0
0.031664103269577026	0.0
0.007813599891960621	0.0
0.0012603423092514277	0.0
0.14842699468135834	0.0
0.13246402144432068	0.0
0.0772305428981781	0.0
0.15067045390605927	0.0
0.00504109775647521	0.0
0.04495649039745331	0.0
0.16705192625522614	0.0
0.0010964882094413042	0.0
0.096340112388134	0.0
0.06679844111204147	0.0
0.016864445060491562	0.0
0.1512003242969513	0.0
0.008596019819378853	0.0
0.07402028888463974	1.0
0.000969593005720526	0.0
0.083722785115242	0.0
0.0002422298421151936	0.0
0.23316888511180878	0.0
0.0259279552847147	0.0
0.23235663771629333	0.0
0.08755612373352051	0.0
0.057684287428855896	0.0
0.018352987244725227	0.0
0.06324627995491028	0.0
0.049107179045677185	0.0
0.0014989982591941953	0.0
0.007717343047261238	0.0
0.0011499099200591445	0.0
0.00472826836630702	0.0
0.02481069229543209	0.0
0.0013960161013528705	0.0
0.21047759056091309	0.0
0.0018051689257845283	0.0
0.16708362102508545	0.0
0.015794631093740463	0.0
0.025128381326794624	0.0
0.22999617457389832	0.0
0.10297515243291855	0.0
0.020075488835573196	0.0
0.2331034541130066	0.0
0.0005813454044982791	0.0
0.004420419689267874	0.0
0.02507193200290203	0.0
0.002188454382121563	0.0
0.11868724226951599	1.0
0.00336771784350276	0.0
0.0222761370241642	0.0
0.001011776039376855	0.0
0.01099105179309845	0.0
0.144592747092247	0.0
0.23258699476718903	0.0
0.010772142559289932	0.0
0.05315229296684265	0.0
0.014750827103853226	1.0
0.02352217212319374	0.0
0.025266088545322418	0.0
0.06914305686950684	0.0
0.05454415827989578	0.0
0.07892654091119766	0.0
0.004232374951243401	0.0
0.0010730313370004296	0.0
0.058248404413461685	0.0
0.14693793654441833	0.0
0.22451025247573853	0.0
0.06525898724794388	0.0
0.0467844232916832	0.0
0.20005841553211212	0.0
0.037166938185691833	0.0
0.14151568710803986	0.0
0.0033796275965869427	0.0
0.0645652636885643	1.0
0.055663034319877625	0.0
0.017799319699406624	0.0
0.048077769577503204	0.0
0.15561021864414215	0.0
0.07511360198259354	0.0
0.0783962830901146	0.0
0.031164612621068954	0.0
0.015919728204607964	0.0
0.027326762676239014	0.0
0.007091760169714689	0.0
0.05986127629876137	0.0
0.07884570956230164	0.0
0.01458235178142786	0.0
0.09485267102718353	0.0
0.1245570108294487	1.0
0.2116852104663849	0.0
0.00357034127227962	0.0
0.012603722512722015	0.0
0.002636502031236887	0.0
0.00835754070430994	0.0
0.05936851724982262	0.0
0.015429736115038395	0.0
0.014780435711145401	0.0
0.04750600829720497	0.0
0.030331213027238846	0.0
0.17624229192733765	0.0
0.000752090010792017	0.0
0.0025927519891411066	0.0
0.030154557898640633	0.0
0.04991869255900383	1.0
0.23316888511180878	0.0
0.004307535942643881	0.0
0.13387078046798706	0.0
0.12847299873828888	1.0
0.10053763538599014	0.0
0.019666505977511406	0.0
0.23126329481601715	0.0
0.02973959408700466	0.0
0.18139895796775818	1.0
0.0001048133781296201	0.0
0.0059301722794771194	0.0
0.009653580375015736	0.0
0.03217550367116928	0.0
0.23316888511180878	1.0
0.23249532282352448	1.0
0.14192335307598114	0.0
0.016678383573889732	0.0
0.008204104378819466	0.0
0.01283628586679697	0.0
0.15580184757709503	1.0
0.004420646466314793	0.0
0.02620193362236023	0.0
0.010403865948319435	0.0
0.07267527282238007	0.0
0.05964153632521629	0.0
0.0861520916223526	0.0
0.11997804790735245	0.0
0.07900561392307281	1.0
0.0010749803623184562	0.0
0.15912312269210815	1.0
0.13042746484279633	0.0
0.05227329209446907	0.0
0.01092369295656681	0.0
0.0060111298225820065	0.0
0.08745891600847244	0.0
0.025110948830842972	0.0
0.21578410267829895	0.0
0.07388744503259659	0.0
0.018664980307221413	0.0
0.00070411671185866	0.0
0.008870323188602924	0.0
0.22160214185714722	0.0
0.0010840973118320107	0.0
0.00139922508969903	0.0
0.011756815947592258	0.0
0.02353709749877453	0.0
0.23312516510486603	0.0
0.0499088428914547	0.0
0.003338801208883524	0.0
0.007138252258300781	0.0
0.09093420952558517	0.0
0.18590092658996582	0.0
0.09651431441307068	0.0
0.11246667057275772	0.0
0.007436185143887997	0.0
0.014338526874780655	0.0
0.07638127356767654	0.0
0.23316888511180878	0.0
0.07800858467817307	0.0
0.033798083662986755	0.0
0.004439093172550201	0.0
0.012762407772243023	0.0
0.10225760191679001	0.0
0.007599835749715567	0.0
0.23316888511180878	0.0
0.0006863261223770678	0.0
0.010980198159813881	0.0
0.005999908782541752	0.0
0.2165304571390152	1.0
0.0017184042371809483	0.0
0.004113480914384127	0.0
0.15998367965221405	0.0
0.04592663049697876	0.0
0.09948000311851501	0.0
0.11836740374565125	1.0
0.08750360459089279	0.0
0.23316888511180878	0.0
0.06675063073635101	0.0
0.09412011504173279	0.0
0.06629882752895355	0.0
8.983092266134918e-05	0.0
0.14786116778850555	0.0
0.028622617945075035	0.0
0.035430025309324265	0.0
0.04059608280658722	0.0
0.022667856886982918	0.0
0.028490299358963966	0.0
0.10505221784114838	0.0
0.010537863709032536	0.0
0.1375451385974884	0.0
0.06485889852046967	0.0
0.03879662603139877	0.0
0.004533569794148207	0.0
0.12260974943637848	0.0
0.06505655497312546	0.0
0.010073031298816204	0.0
0.06484455615282059	0.0
0.042118608951568604	1.0
0.04705529287457466	0.0
0.05952046811580658	0.0
0.03092765435576439	0.0
0.08450771123170853	0.0
0.021109791472554207	0.0
0.006575817707926035	0.0
0.006910772994160652	0.0
0.06348993629217148	0.0
0.0021125709172338247	0.0
0.01565888524055481	0.0
0.0011740464251488447	0.0
0.10605727881193161	0.0
0.02155562862753868	0.0
0.0007576736970804632	0.0
0.0015945156337693334	0.0
0.1562432050704956	1.0
0.0567779466509819	0.0
0.0833410918712616	0.0
0.07162055373191833	1.0
0.11729449778795242	0.0
0.005667696241289377	0.0
0.009762680158019066	0.0
0.0667722225189209	1.0
0.049948759377002716	0.0
0.051247287541627884	0.0
0.19742216169834137	0.0
0.08059076964855194	0.0
0.006215640809386969	0.0
0.002752216998487711	0.0
0.047955773770809174	0.0
0.2326626181602478	0.0
0.0007853512070141733	0.0
0.0038900012150406837	0.0
0.00300207850523293	0.0
0.2305726706981659	0.0
0.015634987503290176	0.0
0.0565808080136776	0.0
0.001792024471797049	0.0
0.03635495901107788	0.0
0.012318973429501057	0.0
0.0002671833208296448	0.0
0.021635515615344048	0.0
0.012109189294278622	0.0
0.2326732575893402	1.0
0.0010105583351105452	0.0
0.002774439752101898	0.0
0.1013772189617157	0.0
0.11615220457315445	0.0
0.0380655974149704	0.0
0.06659461557865143	0.0
0.012810886837542057	0.0
0.031812869012355804	0.0
0.02091814950108528	0.0
0.007200268562883139	0.0
0.2075796276330948	1.0
0.02103167027235031	0.0
0.01749815046787262	0.0
0.10684935003519058	0.0
0.06869775056838989	0.0
0.03136572241783142	0.0
0.028200050815939903	0.0
0.0009756488143466413	0.0
0.002505285432562232	0.0
0.0015867159236222506	0.0
0.09353070706129074	0.0
0.004512666258960962	0.0
0.010202503763139248	0.0
0.0009722256800159812	0.0
0.0902484729886055	0.0
0.131897434592247	0.0
0.11745994538068771	0.0
0.0015955223934724927	0.0
0.008796104229986668	0.0
0.0005512165953405201	0.0
0.23316888511180878	1.0
0.006595774088054895	0.0
0.008407398127019405	0.0
0.015594879165291786	0.0
0.013003062456846237	0.0
0.03624051809310913	0.0
0.23005838692188263	1.0
0.0056779650039970875	0.0
0.032609280198812485	0.0
0.0005419531953521073	0.0
0.2327607423067093	0.0
0.026430850848555565	0.0
0.001106365816667676	0.0
0.02364356443285942	0.0
0.04992549121379852	0.0
0.043875861912965775	0.0
0.12695972621440887	0.0
0.14672411978244781	0.0
0.0916980654001236	0.0
0.0065820906311273575	0.0
0.03829456865787506	0.0
0.11389624327421188	1.0
0.11488211154937744	0.0
0.0799906775355339	0.0
0.18935471773147583	0.0
0.007113213650882244	0.0
0.22973258793354034	0.0
0.06971178948879242	0.0
0.009959985502064228	0.0
0.19191904366016388	0.0
0.004620769992470741	0.0
0.05358082428574562	0.0
0.0780884250998497	0.0
0.0773385614156723	0.0
0.04024503007531166	0.0
0.23028762638568878	0.0
0.02493307739496231	0.0
0.04762222617864609	0.0
0.010200717486441135	0.0
0.062158405780792236	0.0
0.2287692278623581	1.0
0.028485983610153198	0.0
0.015387432649731636	0.0
0.10419806092977524	1.0
0.09062987565994263	0.0
0.12188240140676498	0.0
0.01854986697435379	0.0
0.03450348600745201	0.0
0.0008496948867104948	0.0
0.040307607501745224	0.0
0.15977010130882263	0.0
0.045662809163331985	0.0
0.014504464343190193	0.0
0.0802263393998146	0.0
0.21369270980358124	0.0
0.022513948380947113	1.0
0.0887189731001854	0.0
0.0375664159655571	0.0
0.06427130848169327	0.0
0.23282504081726074	0.0
0.008003542199730873	0.0
0.044003523886203766	0.0
0.14705047011375427	0.0
0.0586555115878582	0.0
0.0546010360121727	0.0
0.03241574019193649	0.0
0.01257401518523693	0.0
0.012101097963750362	0.0
0.22988170385360718	0.0
0.056342676281929016	0.0
0.23316888511180878	0.0
0.05771913379430771	0.0
0.005368220154196024	0.0
0.01968054473400116	0.0
0.010796335525810719	0.0
0.00316632236354053	1.0
0.010428461246192455	0.0
0.03539483621716499	0.0
0.001513815950602293	0.0
0.004619064275175333	0.0
0.06910749524831772	0.0
0.10279562324285507	0.0
0.06603370606899261	0.0
0.036393385380506516	0.0
0.23277397453784943	0.0
0.00830187276005745	0.0
0.00708711426705122	0.0
0.03834862262010574	0.0
0.2181936800479889	0.0
0.0028906664811074734	0.0
0.009814189746975899	0.0
0.07180803269147873	0.0
0.03249702230095863	0.0
0.23315440118312836	1.0
0.06460283696651459	1.0
0.04354136437177658	0.0
0.05373665317893028	0.0
0.03398018702864647	1.0
0.08944201469421387	0.0
0.005722731351852417	0.0
0.018644079566001892	0.0
0.16851404309272766	0.0
0.11377296596765518	1.0
0.000204896874492988	0.0
0.0006028693169355392	0.0
0.19269691407680511	0.0
0.009929975494742393	0.0
0.23248489201068878	0.0
0.00887747760862112	0.0
0.07981177419424057	0.0
0.17187348008155823	1.0
0.004094343166798353	0.0
0.05185873806476593	0.0
0.011131168343126774	0.0
0.08069159835577011	0.0
0.06806700676679611	0.0
0.011882326565682888	0.0
0.16441993415355682	1.0
0.0035790542606264353	0.0
0.01535994652658701	0.0
0.0016593262553215027	0.0
0.01889931410551071	0.0
0.04322483763098717	0.0
0.12340688705444336	0.0
0.08443355560302734	0.0
0.11740413308143616	0.0
0.008300664834678173	0.0
0.23304493725299835	0.0
0.15670275688171387	0.0
0.04230799153447151	0.0
0.1751011162996292	0.0
0.029574748128652573	1.0
0.010721974074840546	0.0
0.00237419456243515	0.0
0.044260088354349136	0.0
0.008168262429535389	0.0
0.004754901863634586	0.0
0.07493986189365387	0.0
0.0010117143392562866	0.0
0.04681987315416336	0.0
0.0036307857371866703	0.0
0.0008127964101731777	0.0
0.0704566240310669	0.0
0.23316888511180878	0.0
0.06127098947763443	0.0
0.011516299098730087	0.0
0.037262942641973495	0.0
0.011338048614561558	0.0
0.23316888511180878	0.0
0.04894333332777023	0.0
0.19897954165935516	0.0
0.23047074675559998	1.0
0.0848069116473198	0.0
0.005759536288678646	0.0
0.005841253791004419	0.0
0.04784462973475456	0.0
0.09004449844360352	0.0
0.20603738725185394	0.0
0.047685373574495316	0.0
0.02286090888082981	0.0
0.06862512230873108	0.0
0.002930138725787401	0.0
0.06083853542804718	1.0
0.0704708844423294	0.0
0.0228646881878376	0.0
0.01893756538629532	0.0
0.01777677796781063	0.0
0.23016338050365448	0.0
0.038435760885477066	0.0
0.04788760095834732	0.0
0.0059190490283071995	0.0
0.052167847752571106	0.0
0.23316888511180878	1.0
0.008430526591837406	0.0
0.08999605476856232	0.0
0.032763753086328506	1.0
0.041448913514614105	0.0
0.2015243023633957	0.0
0.0576871894299984	0.0
0.012331661768257618	0.0
0.061956290155649185	0.0
0.08065329492092133	0.0
0.10644049942493439	0.0
0.07583381235599518	0.0
0.06312039494514465	0.0
0.01715090312063694	0.0
0.05216408893465996	0.0
0.23316888511180878	1.0
0.23316888511180878	0.0
0.05986738204956055	0.0
0.01858784258365631	0.0
0.054573606699705124	0.0
0.17322763800621033	0.0
0.0013785201590508223	0.0
0.02617158368229866	0.0
0.022187283262610435	0.0
0.006552316248416901	0.0
0.059693723917007446	0.0
0.036961402744054794	0.0
0.005897844210267067	0.0
0.0012181956553831697	0.0
0.19905667006969452	0.0
0.05239731818437576	0.0
0.016252223402261734	0.0
0.17703042924404144	0.0
0.019857440143823624	0.0
0.0005465368740260601	0.0
0.03911186009645462	0.0
0.06300655007362366	0.0
0.004784871824085712	0.0
0.1841089427471161	0.0
0.0032384342048317194	0.0
0.060985010117292404	0.0
0.02354588359594345	0.0
0.00022841607278678566	0.0
0.06077021732926369	0.0
0.021343305706977844	0.0
0.06651797890663147	0.0
0.00034495742875151336	0.0
0.03883517161011696	0.0
0.002034425735473633	0.0
0.14036762714385986	0.0
0.028269778937101364	0.0
0.107686348259449	0.0
0.005020444747060537	0.0
0.01597733609378338	0.0
0.022998306900262833	0.0
0.01751169003546238	0.0
0.14374831318855286	0.0
0.07761184871196747	0.0
0.015671076253056526	0.0
0.06013718247413635	0.0
0.21981458365917206	0.0
0.05203051120042801	0.0
0.014446929097175598	0.0
0.23316888511180878	0.0
0.2327827662229538	0.0
0.201725035905838	0.0
0.03291868045926094	0.0
0.1308632344007492	0.0
0.001523757353425026	0.0
0.21387770771980286	0.0
0.19999808073043823	1.0
0.05471460521221161	0.0
0.17050153017044067	0.0
0.07561341673135757	0.0
0.006120756268501282	0.0
0.17194098234176636	1.0
0.0005476752412505448	0.0
0.011141324415802956	0.0
0.023914022371172905	0.0
0.00868058018386364	0.0
0.23316888511180878	1.0
0.005333135835826397	0.0
0.05537579581141472	0.0
0.018897471949458122	0.0
0.018636450171470642	0.0
0.027106989175081253	0.0
0.0021850999910384417	0.0
0.003929637372493744	0.0
0.032944098114967346	0.0
0.06842181831598282	1.0
0.013123814947903156	0.0
0.05860213562846184	0.0
0.04574361443519592	0.0
0.0003418459964450449	0.0
0.020074766129255295	0.0
0.04062797501683235	0.0
0.007012651767581701	0.0
0.0825544148683548	0.0
0.0645318478345871	0.0
0.011258512735366821	0.0
0.17183807492256165	0.0
0.08273345232009888	0.0
0.007106453645974398	0.0
0.11419239640235901	0.0
0.05895918235182762	0.0
0.006672429386526346	0.0
0.20828089118003845	0.0
0.017547857016324997	0.0
0.16591961681842804	0.0
0.23023250699043274	1.0
0.17886273562908173	1.0
0.01076108030974865	0.0
0.20789413154125214	0.0
0.03695089370012283	0.0
0.22491447627544403	1.0
0.23315443098545074	1.0
0.045696064829826355	0.0
0.23064719140529633	1.0
0.21207469701766968	0.0
0.002276497660204768	0.0
0.0006678724312223494	0.0
0.10403367131948471	1.0
0.020824233070015907	0.0
0.2330130636692047	1.0
0.0006639877101406455	0.0
0.14111082255840302	0.0
0.03187793865799904	0.0
0.045017700642347336	0.0
0.13263483345508575	0.0
0.030907608568668365	0.0
0.22046007215976715	0.0
0.23151050508022308	1.0
0.016787363216280937	0.0
0.23316888511180878	0.0
0.09185183793306351	0.0
0.07670120894908905	0.0
0.040857281535863876	0.0
0.008731741458177567	0.0
0.10530278086662292	1.0
0.030813463032245636	0.0
0.04533754289150238	0.0
0.23316888511180878	1.0
0.17035649716854095	0.0
0.04847119003534317	0.0
0.08510053157806396	0.0
0.021479317918419838	0.0
0.1477021872997284	0.0
0.14085452258586884	0.0
0.22999873757362366	0.0
0.054323647171258926	0.0
0.014365914277732372	0.0
0.06761427968740463	1.0
0.03955607861280441	0.0
0.005637079011648893	0.0
0.006308838725090027	0.0
0.11319316923618317	0.0
0.045626282691955566	0.0
0.04549555480480194	0.0
0.06215697526931763	0.0
0.011172176338732243	0.0
1.553307993162889e-05	0.0
0.00853720773011446	0.0
0.0014990582130849361	0.0
0.0019188428996130824	0.0
0.0035576068330556154	0.0
0.07681030035018921	0.0
0.12178084999322891	0.0
0.08473649621009827	1.0
0.22271205484867096	1.0
0.05613001435995102	0.0
0.039315976202487946	0.0
0.0017059959936887026	0.0
0.23302501440048218	0.0
0.08277452737092972	0.0
0.004797062836587429	0.0
0.0011304751969873905	0.0
9.947035869117826e-05	0.0
3.9987502532312647e-05	0.0
0.027119070291519165	0.0
0.0071718208491802216	0.0
0.23316888511180878	1.0
0.06173915043473244	0.0
0.22219137847423553	1.0
0.0006652526208199561	0.0
0.027011757716536522	0.0
0.010851406492292881	0.0
0.23316888511180878	0.0
0.0455743670463562	0.0
0.10491825640201569	0.0
0.027550289407372475	0.0
0.008639177307486534	0.0
0.08141149580478668	0.0
0.13276223838329315	0.0
0.03599976748228073	0.0
0.18043838441371918	0.0
0.003922465723007917	0.0
0.08067815750837326	0.0
0.03470475599169731	0.0
0.035911355167627335	0.0
0.18968209624290466	0.0
0.007327989675104618	0.0
0.23315513134002686	0.0
0.016607236117124557	0.0
0.00130989879835397	0.0
0.011129026301205158	0.0
0.08002632111310959	0.0
0.0007191370823420584	0.0
0.023906109854578972	0.0
0.120711550116539	0.0
0.008764440193772316	0.0
0.23316888511180878	1.0
0.0003341138653922826	0.0
0.007551610004156828	0.0
0.042251650243997574	0.0
0.0030635304283350706	0.0
0.033035047352313995	0.0
0.2287541627883911	0.0
0.004244361538439989	0.0
0.0023345560766756535	0.0
0.03783395513892174	0.0
0.0037067739758640528	0.0
0.014304856769740582	0.0
0.0018611362902447581	0.0
5.5339783102681395e-06	0.0
0.0029639953281730413	0.0
0.011007209308445454	0.0
0.07943890243768692	0.0
0.011203336529433727	0.0
0.07245120406150818	0.0
0.13512252271175385	0.0
0.029932744801044464	0.0
0.0007999436929821968	0.0
0.16779933869838715	0.0
0.23237864673137665	1.0
0.23316888511180878	1.0
0.0027951288502663374	0.0
0.0027501657605171204	0.0
0.231400728225708	0.0
0.017204592004418373	0.0
0.0005244103958830237	0.0
0.0001121131208492443	0.0
0.08182456344366074	0.0
0.07602626085281372	0.0
0.19133946299552917	0.0
0.010269343852996826	0.0
0.0047118752263486385	0.0
0.09825620800256729	0.0
0.11260570585727692	0.0
0.15530884265899658	0.0
0.02437775395810604	0.0
0.08390431106090546	0.0
0.05271739140152931	1.0
0.09638333320617676	0.0
0.10970904678106308	0.0
0.027417443692684174	0.0
0.10642268508672714	0.0
0.08296631276607513	0.0
0.0001739501894917339	0.0
0.0030645180959254503	0.0
0.05821046605706215	0.0
0.005618320312350988	0.0
0.09688279777765274	1.0
0.23314659297466278	0.0
0.01883295737206936	0.0
0.0026194993406534195	0.0
0.022603780031204224	0.0
0.005584706086665392	0.0
0.1683579981327057	0.0
0.029139544814825058	0.0
0.22996020317077637	0.0
0.019517136737704277	0.0
0.013428468257188797	0.0
0.001471039024181664	0.0
0.18364527821540833	1.0
0.23257040977478027	0.0
0.001766699249856174	0.0
0.23314431309700012	1.0
0.034392111003398895	0.0
0.10302884876728058	0.0
0.0003529929381329566	0.0
0.012795372866094112	1.0
0.007225399371236563	0.0
0.007320699281990528	0.0
0.03444012254476547	0.0
0.00011965766316279769	0.0
0.1629946231842041	0.0
0.0754367932677269	0.0
0.17710134387016296	0.0
0.016538411378860474	0.0
6.381075945682824e-05	0.0
0.0009463545866310596	0.0
0.06140252202749252	0.0
0.04251106083393097	0.0
0.18086370825767517	0.0
0.12848837673664093	0.0
0.11635527014732361	0.0
0.23316888511180878	1.0
0.009892028756439686	0.0
0.000569863070268184	0.0
0.006677946075797081	0.0
0.2296709418296814	1.0
0.036160778254270554	0.0
0.009744594804942608	0.0
0.0002867389703169465	0.0
0.060386836528778076	1.0
0.017426801845431328	0.0
0.21117177605628967	0.0
0.23316888511180878	0.0
0.14788608253002167	0.0
0.023100469261407852	0.0
5.38539097760804e-05	0.0
0.0011353152804076672	0.0
0.2329431027173996	1.0
0.07538709044456482	0.0
0.022463299334049225	0.0
0.04647228121757507	0.0
0.03233008459210396	0.0
0.23229609429836273	0.0
0.0009126386139541864	0.0
0.0055590965785086155	0.0
0.004134557209908962	0.0
0.03967001661658287	0.0
0.0018129529198631644	0.0
0.009364648722112179	0.0
0.11972321569919586	0.0
0.061413008719682693	0.0
0.009597969241440296	0.0
0.09547346830368042	0.0
0.0051275077275931835	0.0
0.0013102719094604254	0.0
0.2182224690914154	0.0
0.13689777255058289	0.0
0.10025055706501007	0.0
0.0005342083750292659	0.0
0.00019953591981902719	0.0
0.020158449187874794	0.0
0.041112564504146576	0.0
0.1792316883802414	0.0
0.10938173532485962	0.0
0.0438321977853775	0.0
0.041907962411642075	0.0
0.0019437639275565743	0.0
0.10329215228557587	0.0
0.12049388885498047	0.0
0.016682615503668785	0.0
0.0020727431401610374	0.0
0.0002028776507358998	0.0
0.06119632348418236	0.0
0.16624610126018524	0.0
0.011838434264063835	0.0
0.024470217525959015	0.0
0.006843058858066797	0.0
0.011709166690707207	0.0
0.02851862832903862	0.0
0.0019024404464289546	0.0
0.024768494069576263	0.0
0.05659401789307594	0.0
0.231795072555542	0.0
0.005693001672625542	0.0
0.05932467803359032	0.0
0.059545811265707016	0.0
0.022685585543513298	0.0
0.05926590412855148	0.0
0.03599768131971359	0.0
0.0643402636051178	0.0
0.23026946187019348	0.0
0.007378080394119024	0.0
0.10222915560007095	0.0
3.7971651181578636e-05	0.0
0.05941120162606239	0.0
0.06091812998056412	0.0
0.23316888511180878	1.0
0.021022645756602287	0.0
0.13951988518238068	0.0
0.0011762426001951098	0.0
0.07503589242696762	0.0
0.01180859562009573	0.0
0.0006381490384228528	0.0
0.005990389734506607	0.0
0.013342838734388351	0.0
0.047664824873209	0.0
0.017837222665548325	0.0
0.027086885645985603	0.0
0.03271302580833435	0.0
0.019780835136771202	0.0
0.007050623185932636	0.0
0.19025422632694244	0.0
0.1792929470539093	0.0
0.014492460526525974	0.0
0.019715555012226105	0.0
0.07641375809907913	0.0
0.19084244966506958	0.0
0.012579568661749363	0.0
0.07331319153308868	0.0
0.06243481487035751	0.0
0.23300766944885254	0.0
0.012984435074031353	0.0
0.21915654838085175	0.0
0.07948153465986252	0.0
0.0020128299947828054	0.0
0.04431598260998726	0.0
0.08977442234754562	0.0
0.012907586991786957	0.0
0.0725003182888031	0.0
0.000837820814922452	0.0
0.03514900058507919	0.0
0.05217491090297699	0.0
0.026138843968510628	0.0
0.012693135999143124	0.0
0.1935359239578247	0.0
0.0705072358250618	0.0
0.00601839367300272	0.0
0.043041594326496124	0.0
0.05654023587703705	0.0
0.04692284017801285	0.0
0.13433857262134552	0.0
0.12676765024662018	0.0
0.0003807804314419627	0.0
0.06446179002523422	0.0
0.232620969414711	0.0
0.13349919021129608	0.0
0.05193640664219856	0.0
0.00554335443302989	0.0
0.0008917089435271919	1.0
0.039150677621364594	0.0
0.015924794599413872	0.0
0.012317094020545483	0.0
0.0011856366181746125	0.0
0.13046976923942566	1.0
0.05365880951285362	0.0
0.012054097838699818	0.0
0.0037581692449748516	0.0
0.17549525201320648	1.0
0.13225944340229034	0.0
0.1410287618637085	0.0
0.053030580282211304	0.0
0.018243880942463875	1.0
0.2187068909406662	0.0
0.13772454857826233	0.0
0.014546040445566177	0.0
0.005112584214657545	0.0
0.030476205050945282	0.0
0.0737936869263649	0.0
0.0065584308467805386	0.0
0.14383389055728912	0.0
0.006116508040577173	0.0
0.11233662068843842	0.0
0.0006994524737820029	0.0
0.005347616504877806	0.0
0.0163547582924366	0.0
0.025006959214806557	0.0
0.01965065859258175	0.0
0.005167270079255104	0.0
0.07633315026760101	0.0
0.23300281167030334	0.0
0.2072126716375351	1.0
0.03896644338965416	1.0
7.208765600807965e-05	0.0
0.15857768058776855	0.0
0.04412725567817688	0.0
0.06170901656150818	0.0
0.1785650998353958	0.0
0.08632129430770874	0.0
0.22781997919082642	0.0
0.003323217388242483	0.0
0.0054942043498158455	0.0
0.13631552457809448	0.0
0.16449551284313202	1.0
0.008280939422547817	0.0
0.23316888511180878	0.0
0.07700091600418091	0.0
0.05097443237900734	0.0
0.12192649394273758	0.0
0.013414174318313599	0.0
0.005189648829400539	0.0
0.23316888511180878	0.0
0.028702111914753914	0.0
0.05416151508688927	0.0
0.06989433616399765	0.0
0.021100500598549843	0.0
0.03380834683775902	0.0
0.06924858689308167	0.0
0.004908423405140638	0.0
0.04676845669746399	0.0
0.008814799599349499	0.0
0.017927097156643867	0.0
0.0063957348465919495	0.0
0.13769464194774628	0.0
0.05661578103899956	0.0
0.03667305037379265	0.0
0.1539330631494522	0.0
0.14291934669017792	0.0
0.06954361498355865	0.0
0.1748114675283432	0.0
0.0024567446671426296	0.0
0.027029916644096375	0.0
0.016008621081709862	0.0
0.21096792817115784	0.0
0.07781218737363815	0.0
0.01877722516655922	0.0
0.008492262102663517	0.0
0.10697268694639206	0.0
0.0014757405733689666	0.0
0.0014904950512573123	0.0
0.04492603614926338	0.0
0.008408372290432453	0.0
0.1445651650428772	0.0
0.1329212486743927	0.0
0.00019178245565854013	0.0
0.004210258834064007	0.0
0.01881376840174198	0.0
0.12056433409452438	0.0
0.046130288392305374	0.0
0.11853250861167908	0.0
0.1314818561077118	0.0
0.04652516543865204	0.0
0.09207895398139954	0.0
0.06827062368392944	1.0
0.0008677485166117549	0.0
0.08408263325691223	0.0
0.23316888511180878	1.0
0.07364895939826965	0.0
0.01795515976846218	0.0
0.10506972670555115	0.0
0.01794806309044361	0.0
0.0765172690153122	0.0
0.012194374576210976	0.0
0.01667700707912445	0.0
0.0003953410778194666	0.0
0.003629744052886963	0.0
0.014914522878825665	0.0
0.014321714639663696	0.0
0.23062317073345184	1.0
0.004952359013259411	0.0
0.00031464669154956937	0.0
0.05300084501504898	1.0
0.027142109349370003	0.0
0.15377315878868103	0.0
0.022639162838459015	0.0
0.23316888511180878	1.0
