Sn	Sp	Acc	MCC	<<Cutoff
0	1	0.916667	-nan	1000
0.148515	0.983798	0.914191	0.224702	0.233169
0.148515	0.982898	0.913366	0.21996	0.233155
0.158416	0.982898	0.914191	0.233228	0.233154
0.168317	0.982898	0.915017	0.246183	0.233154
0.168317	0.981998	0.914191	0.241491	0.233147
0.178218	0.981998	0.915017	0.254096	0.233144
0.178218	0.981098	0.914191	0.249514	0.233125
0.178218	0.980198	0.913366	0.245088	0.233117
0.178218	0.979298	0.912541	0.240808	0.233103
0.178218	0.978398	0.911716	0.236666	0.233081
0.178218	0.977498	0.910891	0.232653	0.233045
0.178218	0.976598	0.910066	0.228762	0.233025
0.188119	0.976598	0.910891	0.240776	0.233013
0.188119	0.975698	0.910066	0.236945	0.233008
0.188119	0.974797	0.909241	0.233222	0.233003
0.19802	0.974797	0.910066	0.244911	0.232943
0.19802	0.973897	0.909241	0.24124	0.232825
0.19802	0.972997	0.908416	0.237667	0.232783
0.19802	0.972097	0.907591	0.234188	0.232774
0.19802	0.971197	0.906766	0.230797	0.232761
0.207921	0.971197	0.907591	0.24209	0.232673
0.207921	0.970297	0.906766	0.238736	0.232663
0.207921	0.969397	0.905941	0.235463	0.232621
0.207921	0.968497	0.905116	0.232267	0.232587
0.207921	0.967597	0.90429	0.229145	0.23257
0.217822	0.967597	0.905116	0.240079	0.232495
0.217822	0.966697	0.90429	0.236983	0.232485
0.227723	0.966697	0.905116	0.247717	0.232379
0.227723	0.965797	0.90429	0.244647	0.232357
0.227723	0.964896	0.903465	0.241642	0.232296
0.227723	0.963996	0.90264	0.2387	0.231795
0.237624	0.963996	0.903465	0.249167	0.231511
0.237624	0.963096	0.90264	0.246247	0.231401
0.237624	0.962196	0.901815	0.243384	0.231263
0.237624	0.961296	0.90099	0.240578	0.231029
0.247525	0.961296	0.901815	0.250798	0.230705
0.257426	0.961296	0.90264	0.260893	0.230647
0.267327	0.961296	0.903465	0.270867	0.230623
0.267327	0.960396	0.90264	0.268011	0.230573
0.277228	0.960396	0.903465	0.277836	0.230471
0.277228	0.959496	0.90264	0.275002	0.230288
0.277228	0.958596	0.901815	0.272219	0.230269
0.287129	0.958596	0.90264	0.281874	0.230233
0.287129	0.957696	0.901815	0.279111	0.230163
0.29703	0.957696	0.90264	0.288634	0.230058
0.29703	0.956796	0.901815	0.28589	0.229999
0.29703	0.955896	0.90099	0.283192	0.229996
0.29703	0.954995	0.900165	0.280539	0.22996
0.29703	0.954095	0.89934	0.277929	0.229882
0.29703	0.953195	0.898515	0.275361	0.229733
0.306931	0.953195	0.89934	0.284653	0.229671
0.316832	0.953195	0.900165	0.293853	0.228769
0.316832	0.952295	0.89934	0.291275	0.228754
0.316832	0.951395	0.898515	0.288736	0.22782
0.326733	0.951395	0.89934	0.297801	0.224914
0.326733	0.950495	0.898515	0.295277	0.224711
0.326733	0.949595	0.89769	0.292791	0.224556
0.326733	0.948695	0.896865	0.29034	0.22451
0.326733	0.947795	0.89604	0.287925	0.223935
0.326733	0.946895	0.895215	0.285545	0.223384
0.336634	0.946895	0.89604	0.294413	0.222712
0.346535	0.946895	0.896865	0.303205	0.222213
0.356436	0.946895	0.89769	0.311921	0.222191
0.356436	0.945995	0.896865	0.30951	0.221602
0.356436	0.945095	0.89604	0.307132	0.22046
0.356436	0.944194	0.895215	0.304786	0.219815
0.356436	0.943294	0.894389	0.30247	0.219157
0.356436	0.942394	0.893564	0.300185	0.218707
0.356436	0.941494	0.892739	0.29793	0.218222
0.356436	0.940594	0.891914	0.295703	0.218194
0.366337	0.940594	0.892739	0.30421	0.21653
0.366337	0.939694	0.891914	0.301992	0.215882
0.366337	0.938794	0.891089	0.299802	0.215784
0.366337	0.937894	0.890264	0.297639	0.215118
0.376238	0.937894	0.891089	0.306024	0.21478
0.376238	0.936994	0.890264	0.303869	0.213878
0.376238	0.936094	0.889439	0.301739	0.213693
0.376238	0.935194	0.888614	0.299635	0.212075
0.376238	0.934293	0.887789	0.297555	0.211685
0.376238	0.933393	0.886964	0.295499	0.211515
0.376238	0.932493	0.886139	0.293467	0.211172
0.376238	0.931593	0.885314	0.291458	0.210968
0.386139	0.931593	0.886139	0.299658	0.210764
0.386139	0.930693	0.885314	0.297654	0.210478
0.386139	0.929793	0.884488	0.295672	0.21013
0.386139	0.928893	0.883663	0.293712	0.209353
0.386139	0.927993	0.882838	0.291773	0.208281
0.386139	0.927093	0.882013	0.289855	0.207894
0.39604	0.927093	0.882838	0.297915	0.20758
0.405941	0.927093	0.883663	0.305923	0.207213
0.405941	0.926193	0.882838	0.303993	0.206037
0.405941	0.925293	0.882013	0.302083	0.201725
0.405941	0.924392	0.881188	0.300193	0.201524
0.405941	0.923492	0.880363	0.298322	0.200293
0.405941	0.922592	0.879538	0.296469	0.200058
0.415842	0.922592	0.880363	0.304349	0.199998
0.415842	0.921692	0.879538	0.3025	0.199057
0.415842	0.920792	0.878713	0.30067	0.19898
0.415842	0.919892	0.877888	0.298857	0.197422
0.415842	0.918992	0.877063	0.297062	0.193536
0.415842	0.918092	0.876238	0.295285	0.192697
0.415842	0.917192	0.875413	0.293524	0.191919
0.415842	0.916292	0.874587	0.29178	0.191339
0.415842	0.915392	0.873762	0.290052	0.190842
0.415842	0.914491	0.872937	0.28834	0.190254
0.415842	0.913591	0.872112	0.286644	0.189682
0.415842	0.912691	0.871287	0.284964	0.189355
0.415842	0.911791	0.870462	0.283298	0.185901
0.415842	0.910891	0.869637	0.281648	0.185435
0.415842	0.909991	0.868812	0.280012	0.184941
0.415842	0.909091	0.867987	0.27839	0.184686
0.415842	0.908191	0.867162	0.276783	0.184109
0.425743	0.908191	0.867987	0.284388	0.183645
0.425743	0.907291	0.867162	0.282781	0.181759
0.435644	0.907291	0.867987	0.290332	0.181399
0.435644	0.906391	0.867162	0.288726	0.180864
0.435644	0.905491	0.866337	0.287133	0.180438
0.435644	0.90459	0.865512	0.285554	0.179293
0.435644	0.90369	0.864686	0.283987	0.179232
0.445545	0.90369	0.865512	0.291448	0.178863
0.445545	0.90279	0.864686	0.289882	0.178565
0.445545	0.90189	0.863861	0.288329	0.177101
0.445545	0.90099	0.863036	0.286788	0.17703
0.445545	0.90009	0.862211	0.28526	0.176242
0.455446	0.90009	0.863036	0.292634	0.175495
0.455446	0.89919	0.862211	0.291106	0.175101
0.455446	0.89829	0.861386	0.28959	0.175074
0.455446	0.89739	0.860561	0.288086	0.174811
0.455446	0.89649	0.859736	0.286593	0.174336
0.455446	0.89559	0.858911	0.285112	0.174274
0.455446	0.894689	0.858086	0.283643	0.173228
0.465347	0.894689	0.858911	0.290912	0.171941
0.475248	0.894689	0.859736	0.298147	0.171873
0.475248	0.893789	0.858911	0.296666	0.171838
0.475248	0.892889	0.858086	0.295196	0.170502
0.475248	0.891989	0.857261	0.293737	0.170356
0.475248	0.891089	0.856436	0.292289	0.168514
0.475248	0.890189	0.855611	0.290852	0.168358
0.475248	0.889289	0.854785	0.289424	0.167858
0.475248	0.888389	0.85396	0.288008	0.167799
0.475248	0.887489	0.853135	0.286601	0.167084
0.475248	0.886589	0.85231	0.285205	0.167052
0.475248	0.885689	0.851485	0.283818	0.166246
0.475248	0.884788	0.85066	0.282441	0.166054
0.475248	0.883888	0.849835	0.281073	0.16592
0.485149	0.883888	0.85066	0.288149	0.164496
0.49505	0.883888	0.851485	0.295195	0.16442
0.49505	0.882988	0.85066	0.293817	0.164289
0.49505	0.882088	0.849835	0.292448	0.163321
0.49505	0.881188	0.84901	0.291089	0.162995
0.49505	0.880288	0.848185	0.289739	0.160885
0.49505	0.879388	0.84736	0.288398	0.159984
0.49505	0.878488	0.846535	0.287065	0.15977
0.50495	0.878488	0.84736	0.294024	0.159123
0.50495	0.877588	0.846535	0.292691	0.158578
0.50495	0.876688	0.84571	0.291367	0.156703
0.50495	0.875788	0.844884	0.290052	0.156598
0.50495	0.874887	0.844059	0.288745	0.15648
0.50495	0.873987	0.843234	0.287446	0.156347
0.514851	0.873987	0.844059	0.294331	0.156243
0.514851	0.873087	0.843234	0.293032	0.15598
0.524752	0.873087	0.844059	0.299883	0.155802
0.524752	0.872187	0.843234	0.298583	0.15561
0.524752	0.871287	0.842409	0.297291	0.155309
0.524752	0.870387	0.841584	0.296007	0.155196
0.524752	0.869487	0.840759	0.294731	0.153933
0.524752	0.868587	0.839934	0.293463	0.153773
0.524752	0.867687	0.839109	0.292203	0.152461
0.524752	0.866787	0.838284	0.290951	0.1512
0.524752	0.865887	0.837459	0.289706	0.151009
0.524752	0.864986	0.836634	0.288468	0.15067
0.524752	0.864086	0.835809	0.287238	0.150099
0.524752	0.863186	0.834983	0.286015	0.149042
0.524752	0.862286	0.834158	0.2848	0.148427
0.524752	0.861386	0.833333	0.283591	0.147886
0.524752	0.860486	0.832508	0.28239	0.147861
0.524752	0.859586	0.831683	0.281195	0.147702
0.524752	0.858686	0.830858	0.280008	0.14705
0.524752	0.857786	0.830033	0.278827	0.146938
0.524752	0.856886	0.829208	0.277652	0.146724
0.524752	0.855986	0.828383	0.276485	0.144593
0.524752	0.855086	0.827558	0.275324	0.144565
0.534653	0.855086	0.828383	0.281984	0.14394
0.534653	0.854185	0.827558	0.280822	0.143834
0.534653	0.853285	0.826733	0.279666	0.143748
0.534653	0.852385	0.825908	0.278516	0.142971
0.534653	0.851485	0.825083	0.277373	0.142919
0.534653	0.850585	0.824257	0.276236	0.142771
0.534653	0.849685	0.823432	0.275105	0.141923
0.534653	0.848785	0.822607	0.27398	0.141516
0.534653	0.847885	0.821782	0.272861	0.141111
0.534653	0.846985	0.820957	0.271748	0.141029
0.534653	0.846085	0.820132	0.270641	0.140855
0.534653	0.845185	0.819307	0.26954	0.140368
0.544554	0.845185	0.820132	0.276096	0.140104
0.544554	0.844284	0.819307	0.274994	0.13952
0.544554	0.843384	0.818482	0.273896	0.138528
0.544554	0.842484	0.817657	0.272805	0.137725
0.544554	0.841584	0.816832	0.271719	0.137695
0.544554	0.840684	0.816007	0.270639	0.13758
0.544554	0.839784	0.815182	0.269564	0.137545
0.544554	0.838884	0.814356	0.268495	0.136898
0.544554	0.837984	0.813531	0.267431	0.136316
0.544554	0.837084	0.812706	0.266372	0.135123
0.544554	0.836184	0.811881	0.265319	0.134899
0.544554	0.835284	0.811056	0.26427	0.134339
0.544554	0.834383	0.810231	0.263227	0.133871
0.544554	0.833483	0.809406	0.262189	0.133499
0.544554	0.832583	0.808581	0.261156	0.132921
0.544554	0.831683	0.807756	0.260128	0.132762
0.544554	0.830783	0.806931	0.259104	0.132635
0.544554	0.829883	0.806106	0.258086	0.132464
0.554455	0.829883	0.806931	0.264506	0.132397
0.554455	0.828983	0.806106	0.263486	0.132259
0.554455	0.828083	0.805281	0.26247	0.131897
0.554455	0.827183	0.804455	0.26146	0.131482
0.554455	0.826283	0.80363	0.260454	0.130863
0.564356	0.826283	0.804455	0.266831	0.13047
0.564356	0.825383	0.80363	0.265823	0.130427
0.564356	0.824482	0.802805	0.26482	0.129767
0.564356	0.823582	0.80198	0.263822	0.128488
0.574257	0.823582	0.802805	0.270163	0.128473
0.574257	0.822682	0.80198	0.269164	0.12696
0.574257	0.821782	0.801155	0.268168	0.126768
0.584158	0.821782	0.80198	0.274481	0.124557
0.584158	0.820882	0.801155	0.273484	0.123407
0.584158	0.819982	0.80033	0.272492	0.122825
0.584158	0.819082	0.799505	0.271504	0.12261
0.584158	0.818182	0.79868	0.270521	0.121926
0.584158	0.817282	0.797855	0.269542	0.121882
0.584158	0.816382	0.79703	0.268567	0.121781
0.584158	0.815482	0.796205	0.267597	0.121479
0.584158	0.814581	0.79538	0.26663	0.120712
0.584158	0.813681	0.794554	0.265668	0.120564
0.584158	0.812781	0.793729	0.26471	0.120494
0.584158	0.811881	0.792904	0.263756	0.119978
0.584158	0.810981	0.792079	0.262807	0.119723
0.594059	0.810981	0.792904	0.269035	0.118687
0.594059	0.810081	0.792079	0.268084	0.118533
0.60396	0.810081	0.792904	0.274292	0.118367
0.60396	0.809181	0.792079	0.273339	0.11746
0.60396	0.808281	0.791254	0.272391	0.117404
0.60396	0.807381	0.790429	0.271446	0.117294
0.613861	0.807381	0.791254	0.277624	0.11639
0.613861	0.806481	0.790429	0.276678	0.116355
0.613861	0.805581	0.789604	0.275736	0.116152
0.613861	0.80468	0.788779	0.274798	0.114882
0.613861	0.80378	0.787954	0.273864	0.114192
0.623762	0.80378	0.788779	0.280007	0.113896
0.633663	0.80378	0.789604	0.286137	0.113773
0.633663	0.80288	0.788779	0.285197	0.113501
0.633663	0.80198	0.787954	0.28426	0.113193
0.633663	0.80108	0.787129	0.283327	0.112606
0.633663	0.80018	0.786304	0.282398	0.112467
0.633663	0.79928	0.785479	0.281473	0.112337
0.643564	0.79928	0.786304	0.287565	0.111519
0.643564	0.79838	0.785479	0.286639	0.109709
0.643564	0.79748	0.784653	0.285716	0.109382
0.643564	0.79658	0.783828	0.284798	0.10932
0.643564	0.79568	0.783003	0.283882	0.108839
0.643564	0.794779	0.782178	0.28297	0.107686
0.643564	0.793879	0.781353	0.282062	0.106973
0.643564	0.792979	0.780528	0.281158	0.106849
0.643564	0.792079	0.779703	0.280256	0.106575
0.643564	0.791179	0.778878	0.279359	0.10644
0.643564	0.790279	0.778053	0.278464	0.106423
0.643564	0.789379	0.777228	0.277573	0.106057
0.653465	0.789379	0.778053	0.283603	0.105303
0.653465	0.788479	0.777228	0.282711	0.10507
0.653465	0.787579	0.776403	0.281822	0.105052
0.653465	0.786679	0.775578	0.280937	0.104918
0.663366	0.786679	0.776403	0.286942	0.104198
0.673267	0.786679	0.777228	0.292935	0.104034
0.673267	0.785779	0.776403	0.292044	0.103815
0.673267	0.784878	0.775578	0.291157	0.103292
0.673267	0.783978	0.774752	0.290274	0.103029
0.673267	0.783078	0.773927	0.289393	0.102975
0.673267	0.782178	0.773102	0.288516	0.102796
0.673267	0.781278	0.772277	0.287642	0.102258
0.673267	0.780378	0.771452	0.286771	0.102229
0.673267	0.779478	0.770627	0.285904	0.101723
0.673267	0.778578	0.769802	0.285039	0.101377
0.673267	0.777678	0.768977	0.284178	0.100538
0.673267	0.776778	0.768152	0.283319	0.100251
0.673267	0.775878	0.767327	0.282464	0.09948
0.673267	0.774977	0.766502	0.281612	0.0982562
0.673267	0.774077	0.765677	0.280762	0.0969297
0.683168	0.774077	0.766502	0.286688	0.0968828
0.683168	0.773177	0.765677	0.285838	0.0966338
0.683168	0.772277	0.764851	0.284991	0.0965143
0.683168	0.771377	0.764026	0.284147	0.0963833
0.683168	0.770477	0.763201	0.283306	0.0963401
0.683168	0.769577	0.762376	0.282467	0.0954735
0.683168	0.768677	0.761551	0.281632	0.0948527
0.683168	0.767777	0.760726	0.280799	0.0947056
0.683168	0.766877	0.759901	0.279969	0.0941201
0.683168	0.765977	0.759076	0.279142	0.0935307
0.683168	0.765077	0.758251	0.278318	0.0924634
0.683168	0.764176	0.757426	0.277497	0.092079
0.683168	0.763276	0.756601	0.276678	0.0918518
0.683168	0.762376	0.755776	0.275862	0.0916981
0.683168	0.761476	0.75495	0.275049	0.0909342
0.683168	0.760576	0.754125	0.274238	0.0906299
0.683168	0.759676	0.7533	0.273431	0.0902485
0.683168	0.758776	0.752475	0.272625	0.0900445
0.683168	0.757876	0.75165	0.271823	0.0899961
0.683168	0.756976	0.750825	0.271023	0.0897744
0.683168	0.756076	0.75	0.270225	0.0895694
0.683168	0.755176	0.749175	0.26943	0.0895085
0.683168	0.754275	0.74835	0.268638	0.089442
0.683168	0.753375	0.747525	0.267848	0.088719
0.683168	0.752475	0.7467	0.267061	0.0875561
0.683168	0.751575	0.745875	0.266276	0.0875036
0.683168	0.750675	0.74505	0.265493	0.0874589
0.683168	0.749775	0.744224	0.264713	0.0870994
0.683168	0.748875	0.743399	0.263936	0.0863213
0.683168	0.747975	0.742574	0.263161	0.0861521
0.683168	0.747075	0.741749	0.262388	0.0851005
0.683168	0.746175	0.740924	0.261618	0.0848069
0.693069	0.746175	0.741749	0.267426	0.0847365
0.693069	0.745275	0.740924	0.266654	0.0845077
0.693069	0.744374	0.740099	0.265885	0.0844336
0.693069	0.743474	0.739274	0.265119	0.0840826
0.693069	0.742574	0.738449	0.264355	0.0839043
0.693069	0.741674	0.737624	0.263593	0.0837228
0.693069	0.740774	0.736799	0.262833	0.0836108
0.693069	0.739874	0.735974	0.262076	0.0833411
0.693069	0.738974	0.735149	0.261321	0.0829663
0.693069	0.738074	0.734323	0.260568	0.0829382
0.693069	0.737174	0.733498	0.259817	0.0827745
0.693069	0.736274	0.732673	0.259069	0.0827335
0.693069	0.735374	0.731848	0.258322	0.0825544
0.693069	0.734473	0.731023	0.257578	0.0818246
0.693069	0.733573	0.730198	0.256836	0.0814115
0.693069	0.732673	0.729373	0.256096	0.080878
0.693069	0.731773	0.728548	0.255359	0.0806916
0.693069	0.730873	0.727723	0.254623	0.0806782
0.693069	0.729973	0.726898	0.253889	0.0806533
0.693069	0.729073	0.726073	0.253158	0.0805908
0.693069	0.728173	0.725248	0.252429	0.0802263
0.693069	0.727273	0.724422	0.251701	0.0800263
0.693069	0.726373	0.723597	0.250976	0.0799907
0.693069	0.725473	0.722772	0.250252	0.0798118
0.693069	0.724572	0.721947	0.249531	0.079591
0.693069	0.723672	0.721122	0.248812	0.0794815
0.693069	0.722772	0.720297	0.248094	0.0794389
0.70297	0.722772	0.721122	0.253818	0.0790056
0.70297	0.721872	0.720297	0.2531	0.0789421
0.70297	0.720972	0.719472	0.252384	0.0789265
0.70297	0.720072	0.718647	0.25167	0.0788457
0.70297	0.719172	0.717822	0.250957	0.0783963
0.70297	0.718272	0.716997	0.250247	0.0780884
0.70297	0.717372	0.716172	0.249538	0.0780086
0.70297	0.716472	0.715347	0.248832	0.0778122
0.70297	0.715572	0.714521	0.248127	0.0776118
0.70297	0.714671	0.713696	0.247424	0.0773386
0.70297	0.713771	0.712871	0.246723	0.0772305
0.70297	0.712871	0.712046	0.246024	0.0770009
0.70297	0.711971	0.711221	0.245327	0.0768103
0.70297	0.711071	0.710396	0.244631	0.0767012
0.70297	0.710171	0.709571	0.243937	0.0765173
0.70297	0.709271	0.708746	0.243245	0.0764138
0.70297	0.708371	0.707921	0.242555	0.0763813
0.70297	0.707471	0.707096	0.241867	0.0763332
0.70297	0.706571	0.706271	0.24118	0.0760263
0.70297	0.705671	0.705446	0.240495	0.0758338
0.70297	0.70477	0.70462	0.239812	0.0756134
0.70297	0.70387	0.703795	0.23913	0.0754368
0.70297	0.70297	0.70297	0.23845	0.0753871
0.70297	0.70207	0.702145	0.237772	0.0751136
0.70297	0.70117	0.70132	0.237095	0.0750359
0.70297	0.70027	0.700495	0.236421	0.0749399
0.712871	0.70027	0.70132	0.242076	0.0740203
0.712871	0.69937	0.700495	0.241401	0.0738874
0.712871	0.69847	0.69967	0.240727	0.0737937
0.712871	0.69757	0.698845	0.240055	0.073649
0.712871	0.69667	0.69802	0.239384	0.0733132
0.712871	0.69577	0.697195	0.238715	0.0731583
0.712871	0.694869	0.69637	0.238048	0.0731009
0.712871	0.693969	0.695545	0.237382	0.0729983
0.712871	0.693069	0.694719	0.236718	0.0729477
0.712871	0.692169	0.693894	0.236056	0.072868
0.712871	0.691269	0.693069	0.235395	0.0728135
0.712871	0.690369	0.692244	0.234735	0.0726753
0.712871	0.689469	0.691419	0.234077	0.0725003
0.712871	0.688569	0.690594	0.233421	0.0724512
0.712871	0.687669	0.689769	0.232766	0.071989
0.712871	0.686769	0.688944	0.232113	0.071808
0.722772	0.686769	0.689769	0.237731	0.0716206
0.722772	0.685869	0.688944	0.237077	0.0707615
0.732673	0.685869	0.689769	0.242688	0.0707056
0.732673	0.684968	0.688944	0.242034	0.0706703
0.732673	0.684068	0.688119	0.241381	0.0705237
0.732673	0.683168	0.687294	0.24073	0.0705072
0.732673	0.682268	0.686469	0.24008	0.0704709
0.732673	0.681368	0.685644	0.239432	0.0704566
0.732673	0.680468	0.684818	0.238785	0.0701963
0.732673	0.679568	0.683993	0.23814	0.0698943
0.732673	0.678668	0.683168	0.237496	0.0697118
0.732673	0.677768	0.682343	0.236853	0.0695436
0.732673	0.676868	0.681518	0.236212	0.0692486
0.732673	0.675968	0.680693	0.235573	0.0691431
0.732673	0.675068	0.679868	0.234934	0.0691075
0.732673	0.674167	0.679043	0.234298	0.0686978
0.732673	0.673267	0.678218	0.233662	0.0686251
0.742574	0.673267	0.679043	0.239242	0.0684218
0.752475	0.673267	0.679868	0.244818	0.0682706
0.752475	0.672367	0.679043	0.24418	0.068067
0.752475	0.671467	0.678218	0.243544	0.0680561
0.762376	0.671467	0.679043	0.249112	0.0676143
0.762376	0.670567	0.678218	0.248476	0.0667984
0.772277	0.670567	0.679043	0.254037	0.0667722
0.772277	0.669667	0.678218	0.2534	0.0667506
0.772277	0.668767	0.677393	0.252766	0.0665946
0.772277	0.667867	0.676568	0.252132	0.0665792
0.772277	0.666967	0.675743	0.2515	0.066518
0.772277	0.666067	0.674917	0.250869	0.0662988
0.772277	0.665167	0.674092	0.25024	0.0660337
0.772277	0.664266	0.673267	0.249612	0.065259
0.772277	0.663366	0.672442	0.248985	0.0650566
0.772277	0.662466	0.671617	0.24836	0.0648589
0.772277	0.661566	0.670792	0.247735	0.0648446
0.782178	0.661566	0.671617	0.253278	0.0646028
0.792079	0.661566	0.672442	0.258816	0.0645653
0.792079	0.660666	0.671617	0.25819	0.0645318
0.792079	0.659766	0.670792	0.257566	0.0644618
0.792079	0.658866	0.669967	0.256943	0.0643403
0.792079	0.657966	0.669142	0.256322	0.0642713
0.792079	0.657066	0.668317	0.255702	0.0634899
0.792079	0.656166	0.667492	0.255083	0.0632463
0.792079	0.655266	0.666667	0.254465	0.0631204
0.792079	0.654365	0.665842	0.253849	0.0630066
0.792079	0.653465	0.665017	0.253234	0.0628228
0.792079	0.652565	0.664191	0.25262	0.0627096
0.792079	0.651665	0.663366	0.252008	0.062662
0.792079	0.650765	0.662541	0.251397	0.0624348
0.792079	0.649865	0.661716	0.250787	0.0621584
0.792079	0.648965	0.660891	0.250178	0.062157
0.792079	0.648065	0.660066	0.24957	0.0619563
0.792079	0.647165	0.659241	0.248964	0.0617392
0.792079	0.646265	0.658416	0.248359	0.061709
0.792079	0.645365	0.657591	0.247755	0.061413
0.792079	0.644464	0.656766	0.247152	0.0614025
0.792079	0.643564	0.655941	0.246551	0.061271
0.792079	0.642664	0.655116	0.245951	0.0611963
0.792079	0.641764	0.65429	0.245351	0.060985
0.792079	0.640864	0.653465	0.244754	0.0609181
0.80198	0.640864	0.65429	0.250261	0.0608385
0.80198	0.639964	0.653465	0.249663	0.0607702
0.811881	0.639964	0.65429	0.255166	0.0603868
0.811881	0.639064	0.653465	0.254568	0.0602747
0.811881	0.638164	0.65264	0.253972	0.0601372
0.811881	0.637264	0.651815	0.253376	0.0598674
0.811881	0.636364	0.65099	0.252782	0.0598613
0.811881	0.635464	0.650165	0.252189	0.0596937
0.811881	0.634563	0.64934	0.251597	0.0596415
0.811881	0.633663	0.648515	0.251007	0.0595458
0.811881	0.632763	0.64769	0.250417	0.0595205
0.811881	0.631863	0.646865	0.249829	0.0594927
0.811881	0.630963	0.64604	0.249241	0.0594112
0.811881	0.630063	0.645215	0.248655	0.0593685
0.811881	0.629163	0.644389	0.24807	0.0593476
0.811881	0.628263	0.643564	0.247486	0.0593247
0.811881	0.627363	0.642739	0.246903	0.0592659
0.811881	0.626463	0.641914	0.246321	0.0589592
0.811881	0.625563	0.641089	0.24574	0.0586555
0.811881	0.624662	0.640264	0.24516	0.0586021
0.811881	0.623762	0.639439	0.244582	0.0582484
0.811881	0.622862	0.638614	0.244004	0.0582105
0.811881	0.621962	0.637789	0.243428	0.0577191
0.811881	0.621062	0.636964	0.242852	0.0576872
0.811881	0.620162	0.636139	0.242277	0.0576843
0.811881	0.619262	0.635314	0.241704	0.0567779
0.811881	0.618362	0.634488	0.241131	0.0566158
0.811881	0.617462	0.633663	0.24056	0.056594
0.811881	0.616562	0.632838	0.23999	0.0565808
0.811881	0.615662	0.632013	0.23942	0.0565402
0.811881	0.614761	0.631188	0.238852	0.0563456
0.811881	0.613861	0.630363	0.238284	0.0563427
0.811881	0.612961	0.629538	0.237718	0.05613
0.811881	0.612061	0.628713	0.237152	0.055663
0.811881	0.611161	0.627888	0.236588	0.0553758
0.811881	0.610261	0.627063	0.236024	0.0553496
0.811881	0.609361	0.626238	0.235462	0.0547146
0.811881	0.608461	0.625413	0.2349	0.054601
0.811881	0.607561	0.624587	0.234339	0.0545736
0.811881	0.606661	0.623762	0.233779	0.0545442
0.811881	0.605761	0.622937	0.233221	0.0543236
0.811881	0.60486	0.622112	0.232663	0.0541615
0.811881	0.60396	0.621287	0.232106	0.0537367
0.811881	0.60306	0.620462	0.23155	0.0536588
0.811881	0.60216	0.619637	0.230994	0.0535808
0.821782	0.60216	0.620462	0.236465	0.0532998
0.821782	0.60126	0.619637	0.23591	0.0531523
0.821782	0.60036	0.618812	0.235356	0.0530306
0.831683	0.60036	0.619637	0.240824	0.0530008
0.831683	0.59946	0.618812	0.240271	0.0527784
0.841584	0.59946	0.619637	0.245736	0.0527174
0.841584	0.59856	0.618812	0.245184	0.0523973
0.841584	0.59766	0.617987	0.244632	0.0522733
0.841584	0.59676	0.617162	0.244081	0.0521749
0.841584	0.59586	0.616337	0.243531	0.0521678
0.841584	0.594959	0.615512	0.242982	0.0521641
0.841584	0.594059	0.614686	0.242434	0.0520715
0.841584	0.593159	0.613861	0.241887	0.0520305
0.841584	0.592259	0.613036	0.24134	0.0519364
0.841584	0.591359	0.612211	0.240795	0.0518587
0.841584	0.590459	0.611386	0.24025	0.0512473
0.841584	0.589559	0.610561	0.239706	0.0509744
0.841584	0.588659	0.609736	0.239163	0.050683
0.841584	0.587759	0.608911	0.238621	0.0499488
0.841584	0.586859	0.608086	0.23808	0.0499255
0.851485	0.586859	0.608911	0.243541	0.0499187
0.851485	0.585959	0.608086	0.243	0.0499088
0.851485	0.585059	0.607261	0.24246	0.0491072
0.851485	0.584158	0.606436	0.241922	0.0489433
0.861386	0.584158	0.607261	0.247381	0.048512
0.861386	0.583258	0.606436	0.246843	0.0484712
0.861386	0.582358	0.605611	0.246305	0.0480778
0.861386	0.581458	0.604785	0.245769	0.0479558
0.861386	0.580558	0.60396	0.245234	0.0478876
0.861386	0.579658	0.603135	0.244699	0.0478446
0.861386	0.578758	0.60231	0.244165	0.0476854
0.861386	0.577858	0.601485	0.243632	0.0476648
0.861386	0.576958	0.60066	0.2431	0.0476222
0.861386	0.576058	0.599835	0.242568	0.047506
0.861386	0.575158	0.59901	0.242038	0.0470553
0.861386	0.574257	0.598185	0.241508	0.0469733
0.861386	0.573357	0.59736	0.240979	0.0469228
0.861386	0.572457	0.596535	0.240451	0.0468199
0.861386	0.571557	0.59571	0.239923	0.0467844
0.861386	0.570657	0.594884	0.239397	0.0467685
0.861386	0.569757	0.594059	0.238871	0.0465252
0.861386	0.568857	0.593234	0.238346	0.0464723
0.871287	0.568857	0.594059	0.243804	0.0463917
0.871287	0.567957	0.593234	0.24328	0.0461303
0.871287	0.567057	0.592409	0.242757	0.0459922
0.871287	0.566157	0.591584	0.242234	0.0459648
0.871287	0.565257	0.590759	0.241712	0.0459266
0.871287	0.564356	0.589934	0.241191	0.0457671
0.871287	0.563456	0.589109	0.240671	0.0457436
0.871287	0.562556	0.588284	0.240151	0.0456961
0.871287	0.561656	0.587459	0.239632	0.0456628
0.871287	0.560756	0.586634	0.239114	0.0456263
0.871287	0.559856	0.585809	0.238597	0.0455744
0.871287	0.558956	0.584983	0.23808	0.0454956
0.871287	0.558056	0.584158	0.237564	0.0453375
0.871287	0.557156	0.583333	0.237049	0.0450177
0.871287	0.556256	0.582508	0.236535	0.0449565
0.871287	0.555356	0.581683	0.236021	0.044926
0.871287	0.554455	0.580858	0.235508	0.044316
0.871287	0.553555	0.580033	0.234995	0.0442601
0.871287	0.552655	0.579208	0.234484	0.0441273
0.871287	0.551755	0.578383	0.233973	0.0440035
0.871287	0.550855	0.577558	0.233463	0.0438759
0.871287	0.549955	0.576733	0.232953	0.0438322
0.871287	0.549055	0.575908	0.232444	0.0435414
0.871287	0.548155	0.575083	0.231936	0.0432783
0.871287	0.547255	0.574257	0.231429	0.0432248
0.871287	0.546355	0.573432	0.230922	0.0430416
0.871287	0.545455	0.572607	0.230416	0.0425111
0.881188	0.545455	0.573432	0.235882	0.0424387
0.881188	0.544554	0.572607	0.235377	0.042308
0.881188	0.543654	0.571782	0.234872	0.0422517
0.891089	0.543654	0.572607	0.24034	0.0421186
0.891089	0.542754	0.571782	0.239837	0.041908
0.891089	0.541854	0.570957	0.239334	0.0414489
0.891089	0.540954	0.570132	0.238833	0.0411126
0.891089	0.540054	0.569307	0.238331	0.0408573
0.891089	0.539154	0.568482	0.237831	0.0406284
0.891089	0.538254	0.567657	0.237331	0.040628
0.891089	0.537354	0.566832	0.236832	0.0405961
0.891089	0.536454	0.566007	0.236333	0.0403076
0.891089	0.535554	0.565182	0.235836	0.040245
0.891089	0.534653	0.564356	0.235338	0.0400668
0.891089	0.533753	0.563531	0.234842	0.03967
0.891089	0.532853	0.562706	0.234346	0.039646
0.891089	0.531953	0.561881	0.233851	0.0395561
0.891089	0.531053	0.561056	0.233356	0.039316
0.891089	0.530153	0.560231	0.232862	0.0391507
0.891089	0.529253	0.559406	0.232368	0.0391119
0.90099	0.529253	0.560231	0.237847	0.0389664
0.90099	0.528353	0.559406	0.237354	0.0388352
0.90099	0.527453	0.558581	0.236863	0.0387966
0.90099	0.526553	0.557756	0.236372	0.0384996
0.90099	0.525653	0.556931	0.235882	0.0384358
0.90099	0.524752	0.556106	0.235392	0.0383486
0.90099	0.523852	0.555281	0.234903	0.0382946
0.90099	0.522952	0.554455	0.234415	0.0382749
0.90099	0.522052	0.55363	0.233927	0.0380656
0.90099	0.521152	0.552805	0.23344	0.037834
0.90099	0.520252	0.55198	0.232953	0.0375664
0.90099	0.519352	0.551155	0.232467	0.0372629
0.90099	0.518452	0.55033	0.231982	0.0371669
0.90099	0.517552	0.549505	0.231497	0.0369614
0.90099	0.516652	0.54868	0.231012	0.0369509
0.90099	0.515752	0.547855	0.230529	0.0366731
0.90099	0.514851	0.54703	0.230046	0.0363934
0.90099	0.513951	0.546205	0.229563	0.036355
0.90099	0.513051	0.54538	0.229081	0.0363373
0.90099	0.512151	0.544554	0.228599	0.0362871
0.90099	0.511251	0.543729	0.228119	0.0362405
0.90099	0.510351	0.542904	0.227638	0.0361961
0.90099	0.509451	0.542079	0.227158	0.0361608
0.90099	0.508551	0.541254	0.226679	0.0359998
0.90099	0.507651	0.540429	0.2262	0.0359977
0.90099	0.506751	0.539604	0.225722	0.0359114
0.90099	0.505851	0.538779	0.225244	0.0356584
0.90099	0.50495	0.537954	0.224767	0.03543
0.90099	0.50405	0.537129	0.224291	0.0353948
0.90099	0.50315	0.536304	0.223815	0.0353448
0.90099	0.50225	0.535479	0.223339	0.035149
0.90099	0.50135	0.534653	0.222864	0.0347048
0.90099	0.50045	0.533828	0.222389	0.0345035
0.90099	0.49955	0.533003	0.221915	0.0344401
0.90099	0.49865	0.532178	0.221442	0.0343921
0.90099	0.49775	0.531353	0.220969	0.0339869
0.910891	0.49775	0.532178	0.226483	0.0339802
0.910891	0.49685	0.531353	0.226011	0.0338083
0.910891	0.49595	0.530528	0.22554	0.0337981
0.910891	0.49505	0.529703	0.22507	0.033035
0.910891	0.494149	0.528878	0.2246	0.0329441
0.910891	0.493249	0.528053	0.224131	0.0329187
0.920792	0.493249	0.528878	0.229653	0.0327638
0.920792	0.492349	0.528053	0.229186	0.032713
0.920792	0.491449	0.527228	0.228719	0.0326611
0.920792	0.490549	0.526403	0.228252	0.0326093
0.920792	0.489649	0.525578	0.227786	0.0325992
0.920792	0.488749	0.524752	0.22732	0.032497
0.920792	0.487849	0.523927	0.226855	0.0324157
0.920792	0.486949	0.523102	0.226391	0.0323301
0.920792	0.486049	0.522277	0.225927	0.0321755
0.920792	0.485149	0.521452	0.225463	0.0318779
0.920792	0.484248	0.520627	0.225	0.0318129
0.920792	0.483348	0.519802	0.224537	0.031674
0.920792	0.482448	0.518977	0.224075	0.0316641
0.920792	0.481548	0.518152	0.223614	0.0316251
0.920792	0.480648	0.517327	0.223152	0.0313657
0.920792	0.479748	0.516502	0.222692	0.0311646
0.920792	0.478848	0.515677	0.222231	0.0309277
0.920792	0.477948	0.514851	0.221771	0.0309076
0.920792	0.477048	0.514026	0.221312	0.0308135
0.920792	0.476148	0.513201	0.220853	0.0304762
0.920792	0.475248	0.512376	0.220394	0.0304284
0.920792	0.474347	0.511551	0.219936	0.0303312
0.920792	0.473447	0.510726	0.219479	0.0301546
0.920792	0.472547	0.509901	0.219021	0.0299327
0.920792	0.471647	0.509076	0.218565	0.0298079
0.920792	0.470747	0.508251	0.218108	0.0297396
0.930693	0.470747	0.509076	0.22367	0.0295747
0.940594	0.470747	0.509901	0.229235	0.0294259
0.940594	0.469847	0.509076	0.228783	0.0291395
0.940594	0.468947	0.508251	0.228331	0.0287021
0.940594	0.468047	0.507426	0.227879	0.0286226
0.940594	0.467147	0.506601	0.227428	0.0285186
0.940594	0.466247	0.505776	0.226977	0.028514
0.940594	0.465347	0.50495	0.226527	0.0284903
0.940594	0.464446	0.504125	0.226077	0.028486
0.940594	0.463546	0.5033	0.225628	0.0282698
0.940594	0.462646	0.502475	0.225179	0.0282001
0.940594	0.461746	0.50165	0.22473	0.0278585
0.940594	0.460846	0.500825	0.224282	0.02782
0.940594	0.459946	0.5	0.223834	0.0276111
0.940594	0.459046	0.499175	0.223387	0.0275503
0.940594	0.458146	0.49835	0.22294	0.0274174
0.940594	0.457246	0.497525	0.222493	0.0273268
0.940594	0.456346	0.4967	0.222047	0.0271421
0.940594	0.455446	0.495875	0.221601	0.0271191
0.940594	0.454545	0.49505	0.221156	0.027107
0.940594	0.453645	0.494224	0.220711	0.0270926
0.940594	0.452745	0.493399	0.220267	0.0270869
0.940594	0.451845	0.492574	0.219822	0.0270299
0.940594	0.450945	0.491749	0.219379	0.0270118
0.940594	0.450045	0.490924	0.218935	0.0265485
0.940594	0.449145	0.490099	0.218492	0.0264749
0.940594	0.448245	0.489274	0.21805	0.0264309
0.940594	0.447345	0.488449	0.217607	0.0263685
0.940594	0.446445	0.487624	0.217166	0.0262019
0.940594	0.445545	0.486799	0.216724	0.0261716
0.940594	0.444644	0.485974	0.216283	0.0261388
0.940594	0.443744	0.485149	0.215842	0.025928
0.940594	0.442844	0.484323	0.215402	0.0254355
0.940594	0.441944	0.483498	0.214962	0.0252661
0.940594	0.441044	0.482673	0.214522	0.0251284
0.940594	0.440144	0.481848	0.214083	0.0251109
0.940594	0.439244	0.481023	0.213644	0.0250719
0.940594	0.438344	0.480198	0.213205	0.025007
0.940594	0.437444	0.479373	0.212767	0.0249331
0.940594	0.436544	0.478548	0.212329	0.0248741
0.940594	0.435644	0.477723	0.211891	0.0248107
0.940594	0.434743	0.476898	0.211454	0.0247685
0.940594	0.433843	0.476073	0.211017	0.0244702
0.940594	0.432943	0.475248	0.210581	0.0243778
0.940594	0.432043	0.474422	0.210144	0.0241341
0.940594	0.431143	0.473597	0.209708	0.0241294
0.940594	0.430243	0.472772	0.209273	0.023914
0.940594	0.429343	0.471947	0.208837	0.0239061
0.940594	0.428443	0.471122	0.208402	0.0236436
0.940594	0.427543	0.470297	0.207968	0.0235626
0.940594	0.426643	0.469472	0.207533	0.0235459
0.940594	0.425743	0.468647	0.207099	0.0235371
0.940594	0.424842	0.467822	0.206665	0.0235222
0.940594	0.423942	0.466997	0.206232	0.0231005
0.940594	0.423042	0.466172	0.205799	0.0229983
0.940594	0.422142	0.465347	0.205366	0.0228647
0.940594	0.421242	0.464521	0.204933	0.0228609
0.940594	0.420342	0.463696	0.204501	0.0226856
0.940594	0.419442	0.462871	0.204069	0.0226679
0.940594	0.418542	0.462046	0.203637	0.0226392
0.940594	0.417642	0.461221	0.203206	0.0226038
0.950495	0.417642	0.462046	0.208904	0.0225139
0.950495	0.416742	0.461221	0.208475	0.0224633
0.950495	0.415842	0.460396	0.208047	0.0222761
0.950495	0.414941	0.459571	0.207619	0.0221873
0.950495	0.414041	0.458746	0.207191	0.0216355
0.950495	0.413141	0.457921	0.206764	0.0216011
0.950495	0.412241	0.457096	0.206337	0.0215556
0.950495	0.411341	0.456271	0.20591	0.0214793
0.950495	0.410441	0.455446	0.205484	0.0213433
0.950495	0.409541	0.45462	0.205058	0.0211428
0.950495	0.408641	0.453795	0.204632	0.0211098
0.950495	0.407741	0.45297	0.204206	0.0211005
0.950495	0.406841	0.452145	0.20378	0.0210317
0.950495	0.405941	0.45132	0.203355	0.0210226
0.950495	0.405041	0.450495	0.20293	0.0209181
0.950495	0.40414	0.44967	0.202506	0.0208242
0.950495	0.40324	0.448845	0.202081	0.0206404
0.950495	0.40234	0.44802	0.201657	0.0201584
0.950495	0.40144	0.447195	0.201233	0.0200755
0.950495	0.40054	0.44637	0.20081	0.0200748
0.950495	0.39964	0.445545	0.200386	0.0198574
0.950495	0.39874	0.444719	0.199963	0.0197808
0.950495	0.39784	0.443894	0.19954	0.0197156
0.950495	0.39694	0.443069	0.199117	0.0196805
0.950495	0.39604	0.442244	0.198695	0.0196665
0.950495	0.39514	0.441419	0.198273	0.0196507
0.950495	0.394239	0.440594	0.197851	0.0196428
0.950495	0.393339	0.439769	0.197429	0.0195229
0.950495	0.392439	0.438944	0.197007	0.0195171
0.950495	0.391539	0.438119	0.196586	0.0194351
0.950495	0.390639	0.437294	0.196165	0.0192136
0.950495	0.389739	0.436469	0.195744	0.0191822
0.950495	0.388839	0.435644	0.195323	0.0189376
0.950495	0.387939	0.434818	0.194902	0.0188993
0.950495	0.387039	0.433993	0.194482	0.0188975
0.950495	0.386139	0.433168	0.194062	0.018833
0.950495	0.385239	0.432343	0.193642	0.0188138
0.950495	0.384338	0.431518	0.193222	0.0187772
0.950495	0.383438	0.430693	0.192803	0.0187074
0.950495	0.382538	0.429868	0.192383	0.018665
0.950495	0.381638	0.429043	0.191964	0.0186441
0.950495	0.380738	0.428218	0.191545	0.0186365
0.950495	0.379838	0.427393	0.191127	0.0185878
0.950495	0.378938	0.426568	0.190708	0.0185499
0.950495	0.378038	0.425743	0.190289	0.018353
0.960396	0.378038	0.426568	0.196131	0.0182439
0.960396	0.377138	0.425743	0.195716	0.0179552
0.960396	0.376238	0.424917	0.195301	0.0179481
0.960396	0.375338	0.424092	0.194887	0.0179271
0.960396	0.374437	0.423267	0.194473	0.0178372
0.960396	0.373537	0.422442	0.194059	0.0177993
0.960396	0.372637	0.421617	0.193645	0.0177768
0.960396	0.371737	0.420792	0.193232	0.0175479
0.960396	0.370837	0.419967	0.192818	0.0175117
0.960396	0.369937	0.419142	0.192405	0.0174982
0.960396	0.369037	0.418317	0.191992	0.0174823
0.960396	0.368137	0.417492	0.191579	0.0174268
0.960396	0.367237	0.416667	0.191166	0.0172046
0.960396	0.366337	0.415842	0.190754	0.0171509
0.960396	0.365437	0.415017	0.190341	0.0171464
0.960396	0.364536	0.414191	0.189929	0.0168696
0.960396	0.363636	0.413366	0.189517	0.0168644
0.960396	0.362736	0.412541	0.189105	0.0167874
0.960396	0.361836	0.411716	0.188693	0.0166826
0.960396	0.360936	0.410891	0.188281	0.0166784
0.960396	0.360036	0.410066	0.18787	0.016677
0.960396	0.359136	0.409241	0.187459	0.0166662
0.960396	0.358236	0.408416	0.187047	0.0166072
0.960396	0.357336	0.407591	0.186636	0.0165384
0.960396	0.356436	0.406766	0.186225	0.0163548
0.960396	0.355536	0.405941	0.185814	0.0162522
0.960396	0.354635	0.405116	0.185404	0.0162167
0.960396	0.353735	0.40429	0.184993	0.016175
0.960396	0.352835	0.403465	0.184582	0.0160086
0.960396	0.351935	0.40264	0.184172	0.0159773
0.960396	0.351035	0.401815	0.183762	0.0159248
0.960396	0.350135	0.40099	0.183352	0.0159197
0.960396	0.349235	0.400165	0.182941	0.0157946
0.960396	0.348335	0.39934	0.182531	0.0156711
0.960396	0.347435	0.398515	0.182122	0.0156589
0.960396	0.346535	0.39769	0.181712	0.015635
0.960396	0.345635	0.396865	0.181302	0.0155949
0.960396	0.344734	0.39604	0.180893	0.0154297
0.960396	0.343834	0.395215	0.180483	0.0154075
0.960396	0.342934	0.394389	0.180074	0.0153874
0.960396	0.342034	0.393564	0.179664	0.0153599
0.960396	0.341134	0.392739	0.179255	0.0149145
0.960396	0.340234	0.391914	0.178846	0.0147804
0.970297	0.340234	0.392739	0.184867	0.0147508
0.970297	0.339334	0.391914	0.184463	0.0145824
0.970297	0.338434	0.391089	0.184058	0.014546
0.970297	0.337534	0.390264	0.183654	0.0145045
0.970297	0.336634	0.389439	0.18325	0.0144925
0.970297	0.335734	0.388614	0.182846	0.0144469
0.970297	0.334833	0.387789	0.182442	0.0143659
0.970297	0.333933	0.386964	0.182038	0.0143385
0.970297	0.333033	0.386139	0.181634	0.0143217
0.970297	0.332133	0.385314	0.181231	0.0143049
0.970297	0.331233	0.384488	0.180827	0.0142502
0.970297	0.330333	0.383663	0.180424	0.0139988
0.970297	0.329433	0.382838	0.18002	0.0134285
0.970297	0.328533	0.382013	0.179617	0.0134142
0.970297	0.327633	0.381188	0.179213	0.0134077
0.970297	0.326733	0.380363	0.17881	0.0133428
0.970297	0.325833	0.379538	0.178407	0.0132202
0.970297	0.324932	0.378713	0.178004	0.0131238
0.970297	0.324032	0.377888	0.177601	0.0130031
0.970297	0.323132	0.377063	0.177197	0.0129844
0.970297	0.322232	0.376238	0.176794	0.0129076
0.970297	0.321332	0.375413	0.176391	0.0128363
0.970297	0.320432	0.374587	0.175989	0.0128109
0.980198	0.320432	0.375413	0.182129	0.0127954
0.980198	0.319532	0.374587	0.181732	0.0127624
0.980198	0.318632	0.373762	0.181334	0.0127029
0.980198	0.317732	0.372937	0.180937	0.0126931
0.980198	0.316832	0.372112	0.18054	0.0126037
0.980198	0.315932	0.371287	0.180142	0.0125796
0.980198	0.315032	0.370462	0.179745	0.012574
0.980198	0.314131	0.369637	0.179348	0.0125717
0.980198	0.313231	0.368812	0.178951	0.0123317
0.980198	0.312331	0.367987	0.178554	0.012319
0.980198	0.311431	0.367162	0.178157	0.0123171
0.980198	0.310531	0.366337	0.17776	0.0121944
0.980198	0.309631	0.365512	0.177363	0.0121092
0.980198	0.308731	0.364686	0.176966	0.0121011
0.980198	0.307831	0.363861	0.176569	0.0120541
0.980198	0.306931	0.363036	0.176172	0.0118823
0.980198	0.306031	0.362211	0.175775	0.0118384
0.980198	0.305131	0.361386	0.175379	0.0118086
0.980198	0.30423	0.360561	0.174982	0.0117568
0.980198	0.30333	0.359736	0.174585	0.0117092
0.980198	0.30243	0.358911	0.174188	0.0115163
0.980198	0.30153	0.358086	0.173792	0.0115127
0.980198	0.30063	0.357261	0.173395	0.011338
0.980198	0.29973	0.356436	0.172998	0.0112585
0.980198	0.29883	0.355611	0.172602	0.0112033
0.980198	0.29793	0.354785	0.172205	0.0111722
0.980198	0.29703	0.35396	0.171808	0.0111413
0.980198	0.29613	0.353135	0.171412	0.0111399
0.980198	0.29523	0.35231	0.171015	0.0111312
0.980198	0.294329	0.351485	0.170618	0.011129
0.980198	0.293429	0.35066	0.170221	0.0110307
0.980198	0.292529	0.349835	0.169825	0.0110072
0.980198	0.291629	0.34901	0.169428	0.0109911
0.980198	0.290729	0.348185	0.169031	0.0109802
0.980198	0.289829	0.34736	0.168634	0.0109409
0.980198	0.288929	0.346535	0.168237	0.0109237
0.980198	0.288029	0.34571	0.167841	0.0108514
0.980198	0.287129	0.344884	0.167444	0.0107963
0.980198	0.286229	0.344059	0.167047	0.0107721
0.980198	0.285329	0.343234	0.16665	0.0107611
0.980198	0.284428	0.342409	0.166253	0.010722
0.980198	0.283528	0.341584	0.165856	0.0105585
0.980198	0.282628	0.340759	0.165458	0.0105505
0.980198	0.281728	0.339934	0.165061	0.0105379
0.980198	0.280828	0.339109	0.164664	0.0104788
0.980198	0.279928	0.338284	0.164267	0.0104777
0.980198	0.279028	0.337459	0.163869	0.0104285
0.980198	0.278128	0.336634	0.163472	0.0104232
0.980198	0.277228	0.335809	0.163074	0.0104039
0.980198	0.276328	0.334983	0.162677	0.0102693
0.980198	0.275428	0.334158	0.162279	0.0102025
0.980198	0.274527	0.333333	0.161881	0.0102007
0.980198	0.273627	0.332508	0.161483	0.0101146
0.980198	0.272727	0.331683	0.161085	0.0100959
0.980198	0.271827	0.330858	0.160687	0.010073
0.980198	0.270927	0.330033	0.160289	0.00995999
0.980198	0.270027	0.329208	0.159891	0.00992998
0.980198	0.269127	0.328383	0.159493	0.00989203
0.980198	0.268227	0.327558	0.159094	0.00984236
0.980198	0.267327	0.326733	0.158696	0.00983716
0.980198	0.266427	0.325908	0.158297	0.00981419
0.980198	0.265527	0.325083	0.157898	0.00976268
0.980198	0.264626	0.324257	0.157499	0.00974459
0.980198	0.263726	0.323432	0.1571	0.00965358
0.980198	0.262826	0.322607	0.156701	0.00964223
0.980198	0.261926	0.321782	0.156302	0.00959797
0.980198	0.261026	0.320957	0.155903	0.00936465
0.980198	0.260126	0.320132	0.155503	0.00887748
0.980198	0.259226	0.319307	0.155103	0.00887032
0.980198	0.258326	0.318482	0.154703	0.00881884
0.980198	0.257426	0.317657	0.154303	0.0088148
0.980198	0.256526	0.316832	0.153903	0.0087961
0.980198	0.255626	0.316007	0.153503	0.0087846
0.980198	0.254725	0.315182	0.153102	0.00876616
0.980198	0.253825	0.314356	0.152702	0.00876444
0.980198	0.252925	0.313531	0.152301	0.00873174
0.980198	0.252025	0.312706	0.1519	0.00868058
0.980198	0.251125	0.311881	0.151499	0.00863918
0.980198	0.250225	0.311056	0.151097	0.00859602
0.980198	0.249325	0.310231	0.150696	0.00853721
0.980198	0.248425	0.309406	0.150294	0.00849226
0.980198	0.247525	0.308581	0.149892	0.00843053
0.980198	0.246625	0.307756	0.14949	0.00840837
0.980198	0.245725	0.306931	0.149088	0.0084074
0.980198	0.244824	0.306106	0.148685	0.00840484
0.980198	0.243924	0.305281	0.148282	0.00835754
0.980198	0.243024	0.304455	0.147879	0.00830187
0.980198	0.242124	0.30363	0.147476	0.00830066
0.980198	0.241224	0.302805	0.147072	0.00828094
0.980198	0.240324	0.30198	0.146669	0.0082041
0.980198	0.239424	0.301155	0.146265	0.00817053
0.980198	0.238524	0.30033	0.145861	0.00816826
0.980198	0.237624	0.299505	0.145456	0.00802393
0.980198	0.236724	0.29868	0.145052	0.00800354
0.980198	0.235824	0.297855	0.144647	0.0078136
0.980198	0.234923	0.29703	0.144242	0.00771734
0.980198	0.234023	0.296205	0.143836	0.00759984
0.980198	0.233123	0.29538	0.14343	0.00755161
0.980198	0.232223	0.294554	0.143025	0.00743619
0.980198	0.231323	0.293729	0.142618	0.00737808
0.980198	0.230423	0.292904	0.142212	0.00732799
0.980198	0.229523	0.292079	0.141805	0.0073207
0.980198	0.228623	0.291254	0.141398	0.0072853
0.980198	0.227723	0.290429	0.14099	0.0072254
0.980198	0.226823	0.289604	0.140583	0.00720027
0.980198	0.225923	0.288779	0.140175	0.00717182
0.980198	0.225023	0.287954	0.139766	0.00713825
0.980198	0.224122	0.287129	0.139358	0.00711321
0.980198	0.223222	0.286304	0.138949	0.00710645
0.980198	0.222322	0.285479	0.138539	0.00709176
0.980198	0.221422	0.284653	0.13813	0.00708711
0.980198	0.220522	0.283828	0.13772	0.00705062
0.980198	0.219622	0.283003	0.137309	0.00701265
0.980198	0.218722	0.282178	0.136899	0.00699004
0.980198	0.217822	0.281353	0.136488	0.00695137
0.980198	0.216922	0.280528	0.136076	0.00691077
0.980198	0.216022	0.279703	0.135665	0.00684306
0.980198	0.215122	0.278878	0.135252	0.00667795
0.980198	0.214221	0.278053	0.13484	0.00667243
0.980198	0.213321	0.277228	0.134427	0.00659577
0.980198	0.212421	0.276403	0.134014	0.00658209
0.980198	0.211521	0.275578	0.1336	0.00657582
0.980198	0.210621	0.274752	0.133186	0.00655843
0.980198	0.209721	0.273927	0.132772	0.00655232
0.980198	0.208821	0.273102	0.132357	0.00650151
0.980198	0.207921	0.272277	0.131941	0.00639573
0.980198	0.207021	0.271452	0.131526	0.00632341
0.980198	0.206121	0.270627	0.131109	0.00630884
0.980198	0.205221	0.269802	0.130693	0.00624345
0.980198	0.20432	0.268977	0.130276	0.00621564
0.980198	0.20342	0.268152	0.129858	0.00612076
0.980198	0.20252	0.267327	0.12944	0.00611651
0.980198	0.20162	0.266502	0.129022	0.00601839
0.980198	0.20072	0.265677	0.128603	0.00601113
0.980198	0.19982	0.264851	0.128183	0.00599991
0.980198	0.19892	0.264026	0.127763	0.00599039
0.980198	0.19802	0.263201	0.127343	0.00597823
0.980198	0.19712	0.262376	0.126922	0.00593017
0.980198	0.19622	0.261551	0.126501	0.00591905
0.980198	0.19532	0.260726	0.126079	0.00589784
0.980198	0.194419	0.259901	0.125656	0.00586898
0.980198	0.193519	0.259076	0.125233	0.00584125
0.980198	0.192619	0.258251	0.12481	0.00575954
0.980198	0.191719	0.257426	0.124386	0.00572273
0.980198	0.190819	0.256601	0.123961	0.005693
0.980198	0.189919	0.255776	0.123536	0.00567797
0.980198	0.189019	0.25495	0.12311	0.0056677
0.980198	0.188119	0.254125	0.122684	0.00563708
0.980198	0.187219	0.2533	0.122257	0.00561832
0.980198	0.186319	0.252475	0.121829	0.00558471
0.980198	0.185419	0.25165	0.121401	0.0055591
0.980198	0.184518	0.250825	0.120972	0.00554335
0.980198	0.183618	0.25	0.120543	0.0054942
0.980198	0.182718	0.249175	0.120113	0.00536822
0.980198	0.181818	0.24835	0.119683	0.00534762
0.980198	0.180918	0.247525	0.119251	0.00533314
0.980198	0.180018	0.2467	0.118819	0.00532899
0.980198	0.179118	0.245875	0.118387	0.00518965
0.980198	0.178218	0.24505	0.117954	0.00516727
0.980198	0.177318	0.244224	0.11752	0.00512751
0.980198	0.176418	0.243399	0.117085	0.00512563
0.980198	0.175518	0.242574	0.11665	0.00511258
0.980198	0.174617	0.241749	0.116214	0.0050411
0.980198	0.173717	0.240924	0.115777	0.00502044
0.980198	0.172817	0.240099	0.115339	0.00495236
0.980198	0.171917	0.239274	0.114901	0.00490842
0.980198	0.171017	0.238449	0.114462	0.00479706
0.980198	0.170117	0.237624	0.114023	0.00478487
0.980198	0.169217	0.236799	0.113582	0.0047549
0.980198	0.168317	0.235974	0.113141	0.00472827
0.980198	0.167417	0.235149	0.112699	0.00471188
0.980198	0.166517	0.234323	0.112256	0.00462077
0.980198	0.165617	0.233498	0.111812	0.00461906
0.980198	0.164716	0.232673	0.111367	0.00455682
0.980198	0.163816	0.231848	0.110922	0.00453357
0.980198	0.162916	0.231023	0.110476	0.00451267
0.980198	0.162016	0.230198	0.110029	0.00443909
0.980198	0.161116	0.229373	0.109581	0.00442065
0.980198	0.160216	0.228548	0.109132	0.00442042
0.980198	0.159316	0.227723	0.108682	0.00430754
0.980198	0.158416	0.226898	0.108232	0.00429672
0.980198	0.157516	0.226073	0.10778	0.0042736
0.980198	0.156616	0.225248	0.107328	0.00424436
0.980198	0.155716	0.224422	0.106874	0.00423237
0.980198	0.154815	0.223597	0.10642	0.00423124
0.980198	0.153915	0.222772	0.105964	0.00421026
0.980198	0.153015	0.221947	0.105508	0.00413456
0.980198	0.152115	0.221122	0.10505	0.00411449
0.980198	0.151215	0.220297	0.104592	0.00411348
0.980198	0.150315	0.219472	0.104132	0.00409434
0.980198	0.149415	0.218647	0.103672	0.00393301
0.980198	0.148515	0.217822	0.10321	0.00392964
0.980198	0.147615	0.216997	0.102748	0.00392247
0.980198	0.146715	0.216172	0.102284	0.00389
0.980198	0.145815	0.215347	0.101819	0.00380431
0.980198	0.144914	0.214521	0.101353	0.00375817
0.980198	0.144014	0.213696	0.100886	0.00371668
0.980198	0.143114	0.212871	0.100418	0.00370677
0.980198	0.142214	0.212046	0.0999481	0.00363079
0.980198	0.141314	0.211221	0.0994775	0.00362974
0.980198	0.140414	0.210396	0.0990056	0.00361426
0.980198	0.139514	0.209571	0.0985324	0.00357905
0.980198	0.138614	0.208746	0.0980581	0.00357034
0.980198	0.137714	0.207921	0.0975824	0.00355761
0.980198	0.136814	0.207096	0.0971055	0.00344693
0.980198	0.135914	0.206271	0.0966273	0.00338534
0.980198	0.135014	0.205446	0.0961477	0.00337963
0.980198	0.134113	0.20462	0.0956668	0.00336772
0.980198	0.133213	0.203795	0.0951845	0.0033388
0.980198	0.132313	0.20297	0.0947009	0.00332322
0.980198	0.131413	0.202145	0.0942158	0.00328235
0.980198	0.130513	0.20132	0.0937293	0.00323843
0.990099	0.130513	0.202145	0.102413	0.00316632
0.990099	0.129613	0.20132	0.10195	0.00306452
0.990099	0.128713	0.200495	0.101487	0.00306353
0.990099	0.127813	0.19967	0.101022	0.00300208
0.990099	0.126913	0.198845	0.100557	0.00299751
0.990099	0.126013	0.19802	0.10009	0.002964
0.990099	0.125113	0.197195	0.0996213	0.00293014
0.990099	0.124212	0.19637	0.0991517	0.00289067
0.990099	0.123312	0.195545	0.0986808	0.00279513
0.990099	0.122412	0.194719	0.0982085	0.00278071
0.990099	0.121512	0.193894	0.0977349	0.00277444
0.990099	0.120612	0.193069	0.0972599	0.00275222
0.990099	0.119712	0.192244	0.0967836	0.00275017
0.990099	0.118812	0.191419	0.0963058	0.00271962
0.990099	0.117912	0.190594	0.0958266	0.0026365
0.990099	0.117012	0.189769	0.0953459	0.00262505
0.990099	0.116112	0.188944	0.0948638	0.0026195
0.990099	0.115212	0.188119	0.0943801	0.00259275
0.990099	0.114311	0.187294	0.0938949	0.00250529
0.990099	0.113411	0.186469	0.0934081	0.00246038
0.990099	0.112511	0.185644	0.0929198	0.00245674
0.990099	0.111611	0.184818	0.0924299	0.00244406
0.990099	0.110711	0.183993	0.0919383	0.00237419
0.990099	0.109811	0.183168	0.091445	0.00233456
0.990099	0.108911	0.182343	0.0909501	0.0022765
0.990099	0.108011	0.181518	0.0904534	0.00218845
0.990099	0.107111	0.180693	0.089955	0.0021851
0.990099	0.106211	0.179868	0.0894548	0.00214061
0.990099	0.105311	0.179043	0.0889528	0.00211257
0.990099	0.10441	0.178218	0.088449	0.00207274
0.990099	0.10351	0.177393	0.0879433	0.00203443
0.990099	0.10261	0.176568	0.0874357	0.00201283
0.990099	0.10171	0.175743	0.0869261	0.00194376
0.990099	0.10081	0.174917	0.0864146	0.00191884
0.990099	0.09991	0.174092	0.085901	0.00190244
0.990099	0.0990099	0.173267	0.0853854	0.00186114
0.990099	0.0981098	0.172442	0.0848677	0.00181295
0.990099	0.0972097	0.171617	0.0843479	0.00180517
0.990099	0.0963096	0.170792	0.0838259	0.00179202
0.990099	0.0954095	0.169967	0.0833018	0.0017667
0.990099	0.0945095	0.169142	0.0827753	0.00175995
0.990099	0.0936094	0.168317	0.0822466	0.0017184
0.990099	0.0927093	0.167492	0.0817156	0.001706
0.990099	0.0918092	0.166667	0.0811822	0.00169434
0.990099	0.0909091	0.165842	0.0806463	0.00165933
0.990099	0.090009	0.165017	0.080108	0.0016368
0.990099	0.0891089	0.164191	0.0795672	0.00159552
0.990099	0.0882088	0.163366	0.0790238	0.00159452
0.990099	0.0873087	0.162541	0.0784777	0.00158672
0.990099	0.0864086	0.161716	0.077929	0.00157865
0.990099	0.0855086	0.160891	0.0773776	0.00152376
0.990099	0.0846085	0.160066	0.0768234	0.00151382
0.990099	0.0837084	0.159241	0.0762663	0.00149906
0.990099	0.0828083	0.158416	0.0757063	0.001499
0.990099	0.0819082	0.157591	0.0751434	0.0014905
0.990099	0.0810081	0.156766	0.0745774	0.00147574
0.990099	0.080108	0.155941	0.0740083	0.00147104
0.990099	0.0792079	0.155116	0.0734361	0.0014234
0.990099	0.0783078	0.15429	0.0728606	0.00139923
0.990099	0.0774077	0.153465	0.0722818	0.00139602
0.990099	0.0765077	0.15264	0.0716996	0.00137852
0.990099	0.0756076	0.151815	0.071114	0.00131027
0.990099	0.0747075	0.15099	0.0705248	0.0013099
0.990099	0.0738074	0.150165	0.069932	0.00126034
0.990099	0.0729073	0.14934	0.0693355	0.00122223
0.990099	0.0720072	0.148515	0.0687352	0.0012182
0.990099	0.0711071	0.14769	0.0681309	0.00118564
0.990099	0.070207	0.146865	0.0675227	0.00117624
0.990099	0.0693069	0.14604	0.0669104	0.00117405
0.990099	0.0684068	0.145215	0.0662939	0.00114991
0.990099	0.0675068	0.144389	0.0656731	0.00113532
0.990099	0.0666067	0.143564	0.0650479	0.00113048
0.990099	0.0657066	0.142739	0.0644182	0.00110637
0.990099	0.0648065	0.141914	0.0637838	0.00109649
0.990099	0.0639064	0.141089	0.0631446	0.0010841
0.990099	0.0630063	0.140264	0.0625005	0.00107498
0.990099	0.0621062	0.139439	0.0618514	0.00107303
0.990099	0.0612061	0.138614	0.0611971	0.00101178
0.990099	0.060306	0.137789	0.0605375	0.00101171
0.990099	0.0594059	0.136964	0.0598723	0.00101056
0.990099	0.0585059	0.136139	0.0592016	0.000975649
0.990099	0.0576058	0.135314	0.058525	0.000972226
0.990099	0.0567057	0.134488	0.0578424	0.000969593
0.990099	0.0558056	0.133663	0.0571536	0.000946355
0.990099	0.0549055	0.132838	0.0564584	0.000912639
1	0.0549055	0.133663	0.0694114	0.000891709
1	0.0540054	0.132838	0.0688102	0.00089117
1	0.0531053	0.132013	0.0682048	0.000867749
1	0.0522052	0.131188	0.067595	0.000849695
1	0.0513051	0.130363	0.0669808	0.000837821
1	0.050405	0.129538	0.0663619	0.000812796
1	0.049505	0.128713	0.0657383	0.000799944
1	0.0486049	0.127888	0.0651098	0.000785351
1	0.0477048	0.127063	0.0644763	0.000757674
1	0.0468047	0.126238	0.0638376	0.00075209
1	0.0459046	0.125413	0.0631935	0.000747189
1	0.0450045	0.124587	0.062544	0.000719137
1	0.0441044	0.123762	0.0618888	0.000704117
1	0.0432043	0.122937	0.0612277	0.000699452
1	0.0423042	0.122112	0.0605605	0.000686326
1	0.0414041	0.121287	0.0598871	0.000667872
1	0.0405041	0.120462	0.0592072	0.000665253
1	0.039604	0.119637	0.0585206	0.000663988
1	0.0387039	0.118812	0.057827	0.000638149
1	0.0378038	0.117987	0.0571262	0.000602869
1	0.0369037	0.117162	0.0564179	0.000600581
1	0.0360036	0.116337	0.0557019	0.000581345
1	0.0351035	0.115512	0.0549777	0.000569863
1	0.0342034	0.114686	0.0542452	0.000551217
1	0.0333033	0.113861	0.0535039	0.000547675
1	0.0324032	0.113036	0.0527535	0.000546537
1	0.0315032	0.112211	0.0519935	0.000541953
1	0.0306031	0.111386	0.0512236	0.000534208
1	0.029703	0.110561	0.0504433	0.00052441
1	0.0288029	0.109736	0.0496521	0.000450073
1	0.0279028	0.108911	0.0488494	0.000395341
1	0.0270027	0.108086	0.0480348	0.00038078
1	0.0261026	0.107261	0.0472074	0.000352993
1	0.0252025	0.106436	0.0463668	0.000344957
1	0.0243024	0.105611	0.045512	0.000341846
1	0.0234023	0.104785	0.0446424	0.000338073
1	0.0225023	0.10396	0.0437571	0.000334114
1	0.0216022	0.103135	0.042855	0.000314647
1	0.0207021	0.10231	0.041935	0.000302785
1	0.019802	0.101485	0.040996	0.000300206
1	0.0189019	0.10066	0.0400366	0.000286739
1	0.0180018	0.099835	0.0390553	0.000267183
1	0.0171017	0.0990099	0.0380505	0.00024223
1	0.0162016	0.0981848	0.0370201	0.000228416
1	0.0153015	0.0973597	0.035962	0.000204897
1	0.0144014	0.0965347	0.0348737	0.000202878
1	0.0135014	0.0957096	0.0337522	0.000199536
1	0.0126013	0.0948845	0.0325941	0.000191782
1	0.0117012	0.0940594	0.0313954	0.00017395
1	0.0108011	0.0932343	0.0301511	0.000119658
1	0.00990099	0.0924092	0.0288555	0.000112113
1	0.0090009	0.0915842	0.0275012	0.000109892
1	0.00810081	0.0907591	0.0260791	0.000104813
1	0.00720072	0.089934	0.0245774	9.94704e-05
1	0.00630063	0.0891089	0.0229805	8.98309e-05
1	0.00540054	0.0882838	0.021267	7.20877e-05
1	0.00450045	0.0874587	0.019406	6.38108e-05
1	0.00360036	0.0866337	0.01735	5.38539e-05
1	0.00270027	0.0858086	0.0150193	3.99875e-05
1	0.00180018	0.0849835	0.0122582	3.79717e-05
1	0.00090009	0.0841584	0.00866426	1.55331e-05
1	0	0.0833333	-nan	5.53398e-06
1	0	0.0833333	-nan	-1000
