Sn	Sp	Acc	MCC	<<Cutoff
0	1	0.932057	-nan	1000
0.056338	0.985626	0.922488	0.0811647	0.230809
0.056338	0.9846	0.921531	0.0771047	0.230797
0.0704225	0.9846	0.922488	0.101058	0.230791
0.0704225	0.983573	0.921531	0.0968291	0.230775
0.084507	0.983573	0.922488	0.119338	0.230775
0.084507	0.982546	0.921531	0.115011	0.230775
0.084507	0.98152	0.920574	0.11092	0.230764
0.084507	0.980493	0.919617	0.107041	0.23076
0.0985915	0.980493	0.920574	0.127769	0.23076
0.112676	0.980493	0.921531	0.147783	0.230755
0.126761	0.980493	0.922488	0.16714	0.230747
0.126761	0.979466	0.921531	0.162741	0.23074
0.126761	0.978439	0.920574	0.158537	0.230716
0.126761	0.977413	0.919617	0.154513	0.230664
0.140845	0.977413	0.920574	0.172726	0.23064
0.15493	0.977413	0.921531	0.190441	0.230636
0.15493	0.976386	0.920574	0.186256	0.230621
0.169014	0.976386	0.921531	0.203366	0.230582
0.183099	0.976386	0.922488	0.220055	0.230562
0.183099	0.975359	0.921531	0.21577	0.23056
0.183099	0.974333	0.920574	0.211638	0.230541
0.197183	0.974333	0.921531	0.22771	0.230481
0.211268	0.974333	0.922488	0.24343	0.230333
0.211268	0.973306	0.921531	0.239232	0.230039
0.211268	0.972279	0.920574	0.235169	0.22986
0.211268	0.971253	0.919617	0.231234	0.229815
0.225352	0.971253	0.920574	0.246354	0.22954
0.225352	0.970226	0.919617	0.24245	0.229263
0.225352	0.969199	0.91866	0.238661	0.2292
0.225352	0.968172	0.917703	0.23498	0.228782
0.225352	0.967146	0.916746	0.231402	0.228001
0.225352	0.966119	0.915789	0.227921	0.227888
0.239437	0.966119	0.916746	0.242349	0.227763
0.239437	0.965092	0.915789	0.238883	0.227244
0.239437	0.964066	0.914833	0.235506	0.227188
0.253521	0.964066	0.915789	0.249544	0.227061
0.253521	0.963039	0.914833	0.24618	0.227043
0.267606	0.963039	0.915789	0.259928	0.226076
0.28169	0.963039	0.916746	0.273465	0.224973
0.28169	0.962012	0.915789	0.270055	0.222479
0.28169	0.960986	0.914833	0.266724	0.221152
0.295775	0.960986	0.915789	0.279945	0.220884
0.295775	0.959959	0.914833	0.276632	0.220057
0.309859	0.959959	0.915789	0.289612	0.219285
0.309859	0.958932	0.914833	0.28632	0.218677
0.323944	0.958932	0.915789	0.299074	0.217633
0.323944	0.957906	0.914833	0.295802	0.217586
0.323944	0.956879	0.913876	0.292598	0.216811
0.323944	0.955852	0.912919	0.289459	0.216364
0.323944	0.954825	0.911962	0.286383	0.21532
0.323944	0.953799	0.911005	0.283367	0.214144
0.338028	0.953799	0.911962	0.295723	0.21368
0.338028	0.952772	0.911005	0.29272	0.213441
0.338028	0.951745	0.910048	0.289774	0.209384
0.338028	0.950719	0.909091	0.286882	0.207082
0.338028	0.949692	0.908134	0.284043	0.206731
0.338028	0.948665	0.907177	0.281255	0.205135
0.352113	0.948665	0.908134	0.29325	0.204763
0.352113	0.947639	0.907177	0.29047	0.202932
0.352113	0.946612	0.90622	0.287738	0.202003
0.352113	0.945585	0.905263	0.285052	0.198454
0.352113	0.944559	0.904306	0.282411	0.197189
0.352113	0.943532	0.903349	0.279814	0.194894
0.352113	0.942505	0.902392	0.27726	0.193442
0.366197	0.942505	0.903349	0.288887	0.192938
0.366197	0.941478	0.902392	0.286335	0.191684
0.366197	0.940452	0.901435	0.283824	0.191565
0.366197	0.939425	0.900478	0.281351	0.190919
0.366197	0.938398	0.899522	0.278916	0.190888
0.366197	0.937372	0.898565	0.276518	0.190442
0.380282	0.937372	0.899522	0.287849	0.187319
0.380282	0.936345	0.898565	0.285451	0.186018
0.380282	0.935318	0.897608	0.283089	0.185907
0.394366	0.935318	0.898565	0.294247	0.181468
0.408451	0.935318	0.899522	0.305306	0.180974
0.408451	0.934292	0.898565	0.302912	0.180651
0.408451	0.933265	0.897608	0.300552	0.178243
0.408451	0.932238	0.896651	0.298224	0.178078
0.408451	0.931211	0.895694	0.295929	0.174128
0.408451	0.930185	0.894737	0.293664	0.173111
0.408451	0.929158	0.89378	0.29143	0.172464
0.408451	0.928131	0.892823	0.289225	0.171622
0.408451	0.927105	0.891866	0.28705	0.171503
0.408451	0.926078	0.890909	0.284902	0.170553
0.422535	0.926078	0.891866	0.295595	0.169726
0.422535	0.925051	0.890909	0.293446	0.169202
0.422535	0.924025	0.889952	0.291323	0.16884
0.422535	0.922998	0.888995	0.289228	0.167069
0.422535	0.921971	0.888038	0.287158	0.167004
0.422535	0.920945	0.887081	0.285113	0.166407
0.422535	0.919918	0.886124	0.283092	0.166392
0.422535	0.918891	0.885167	0.281096	0.166268
0.422535	0.917864	0.884211	0.279123	0.166039
0.43662	0.917864	0.885167	0.289515	0.165096
0.43662	0.916838	0.884211	0.287539	0.165
0.43662	0.915811	0.883254	0.285585	0.164935
0.43662	0.914784	0.882297	0.283654	0.164227
0.43662	0.913758	0.88134	0.281744	0.164053
0.450704	0.913758	0.882297	0.29196	0.163181
0.450704	0.912731	0.88134	0.290047	0.162934
0.464789	0.912731	0.882297	0.30017	0.162659
0.464789	0.911704	0.88134	0.298254	0.159816
0.464789	0.910678	0.880383	0.296359	0.158125
0.464789	0.909651	0.879426	0.294484	0.158065
0.464789	0.908624	0.878469	0.292629	0.157944
0.464789	0.907598	0.877512	0.290793	0.157774
0.478873	0.907598	0.878469	0.300735	0.157623
0.478873	0.906571	0.877512	0.298897	0.155705
0.478873	0.905544	0.876555	0.297077	0.154503
0.478873	0.904517	0.875598	0.295275	0.1544
0.478873	0.903491	0.874641	0.293492	0.15265
0.492958	0.903491	0.875598	0.303286	0.151729
0.492958	0.902464	0.874641	0.3015	0.150858
0.492958	0.901437	0.873684	0.299731	0.149943
0.492958	0.900411	0.872727	0.297979	0.149574
0.492958	0.899384	0.87177	0.296244	0.149336
0.492958	0.898357	0.870813	0.294526	0.149251
0.492958	0.897331	0.869856	0.292824	0.14896
0.507042	0.897331	0.870813	0.30244	0.146337
0.507042	0.896304	0.869856	0.300735	0.145878
0.507042	0.895277	0.8689	0.299045	0.145292
0.521127	0.895277	0.869856	0.308569	0.143699
0.521127	0.894251	0.8689	0.306876	0.14334
0.535211	0.894251	0.869856	0.316329	0.143083
0.535211	0.893224	0.8689	0.314634	0.142724
0.535211	0.892197	0.867943	0.312954	0.141981
0.535211	0.89117	0.866986	0.311289	0.141603
0.549296	0.89117	0.867943	0.320639	0.140587
0.549296	0.890144	0.866986	0.318971	0.138938
0.549296	0.889117	0.866029	0.317318	0.138256
0.549296	0.88809	0.865072	0.31568	0.137573
0.56338	0.88809	0.866029	0.324931	0.13733
0.56338	0.887064	0.865072	0.32329	0.136714
0.56338	0.886037	0.864115	0.321663	0.13654
0.56338	0.88501	0.863158	0.32005	0.136341
0.56338	0.883984	0.862201	0.31845	0.135397
0.56338	0.882957	0.861244	0.316864	0.133828
0.56338	0.88193	0.860287	0.31529	0.133779
0.56338	0.880903	0.85933	0.31373	0.133293
0.56338	0.879877	0.858373	0.312182	0.133016
0.56338	0.87885	0.857416	0.310647	0.131808
0.56338	0.877823	0.856459	0.309124	0.131031
0.56338	0.876797	0.855502	0.307613	0.130375
0.56338	0.87577	0.854545	0.306114	0.128805
0.56338	0.874743	0.853589	0.304626	0.128571
0.56338	0.873717	0.852632	0.303151	0.127551
0.56338	0.87269	0.851675	0.301686	0.127377
0.56338	0.871663	0.850718	0.300233	0.127044
0.56338	0.870637	0.849761	0.29879	0.126962
0.56338	0.86961	0.848804	0.297359	0.126409
0.56338	0.868583	0.847847	0.295938	0.125895
0.56338	0.867556	0.84689	0.294528	0.12588
0.56338	0.86653	0.845933	0.293128	0.124169
0.56338	0.865503	0.844976	0.291739	0.123876
0.56338	0.864476	0.844019	0.290359	0.123518
0.56338	0.86345	0.843062	0.28899	0.122876
0.56338	0.862423	0.842105	0.28763	0.122493
0.577465	0.862423	0.843062	0.296464	0.122229
0.577465	0.861396	0.842105	0.2951	0.119455
0.577465	0.86037	0.841148	0.293746	0.119415
0.577465	0.859343	0.840191	0.292401	0.118805
0.577465	0.858316	0.839234	0.291066	0.117917
0.577465	0.85729	0.838278	0.28974	0.117219
0.591549	0.85729	0.839234	0.298472	0.117126
0.591549	0.856263	0.838278	0.297142	0.116282
0.591549	0.855236	0.837321	0.295821	0.115968
0.591549	0.854209	0.836364	0.294509	0.11347
0.591549	0.853183	0.835407	0.293205	0.113281
0.591549	0.852156	0.83445	0.291911	0.113049
0.591549	0.851129	0.833493	0.290625	0.111254
0.591549	0.850103	0.832536	0.289347	0.11063
0.591549	0.849076	0.831579	0.288078	0.109069
0.591549	0.848049	0.830622	0.286817	0.108126
0.591549	0.847023	0.829665	0.285564	0.107997
0.591549	0.845996	0.828708	0.284319	0.107232
0.591549	0.844969	0.827751	0.283082	0.10673
0.591549	0.843943	0.826794	0.281853	0.105559
0.591549	0.842916	0.825837	0.280632	0.1046
0.591549	0.841889	0.82488	0.279418	0.104581
0.591549	0.840862	0.823923	0.278211	0.10399
0.591549	0.839836	0.822967	0.277013	0.103336
0.591549	0.838809	0.82201	0.275821	0.102835
0.591549	0.837782	0.821053	0.274636	0.101755
0.591549	0.836756	0.820096	0.273459	0.101088
0.591549	0.835729	0.819139	0.272289	0.100801
0.591549	0.834702	0.818182	0.271126	0.100501
0.591549	0.833676	0.817225	0.269969	0.0998332
0.591549	0.832649	0.816268	0.26882	0.0995029
0.591549	0.831622	0.815311	0.267677	0.0994577
0.591549	0.830595	0.814354	0.26654	0.0985017
0.591549	0.829569	0.813397	0.265411	0.0980361
0.591549	0.828542	0.81244	0.264287	0.0978834
0.591549	0.827515	0.811483	0.26317	0.0972929
0.591549	0.826489	0.810526	0.26206	0.0970109
0.605634	0.826489	0.811483	0.270411	0.0969326
0.605634	0.825462	0.810526	0.269297	0.0964596
0.605634	0.824435	0.809569	0.268188	0.096184
0.605634	0.823409	0.808612	0.267086	0.0958245
0.605634	0.822382	0.807656	0.265989	0.0957816
0.619718	0.822382	0.808612	0.274274	0.0953198
0.619718	0.821355	0.807656	0.273174	0.0948639
0.619718	0.820329	0.806699	0.272079	0.0947087
0.619718	0.819302	0.805742	0.270991	0.0944408
0.633803	0.819302	0.806699	0.279221	0.0943581
0.633803	0.818275	0.805742	0.278129	0.0941975
0.633803	0.817248	0.804785	0.277042	0.0940384
0.633803	0.816222	0.803828	0.275962	0.0936691
0.633803	0.815195	0.802871	0.274887	0.0936263
0.633803	0.814168	0.801914	0.273818	0.0924561
0.633803	0.813142	0.800957	0.272755	0.092335
0.647887	0.813142	0.801914	0.280904	0.0921618
0.647887	0.812115	0.800957	0.279837	0.0921347
0.647887	0.811088	0.8	0.278776	0.0920869
0.661972	0.811088	0.800957	0.286884	0.0906828
0.661972	0.810062	0.8	0.28582	0.0900117
0.661972	0.809035	0.799043	0.284761	0.0899988
0.661972	0.808008	0.798086	0.283707	0.0896474
0.676056	0.808008	0.799043	0.291767	0.0892693
0.676056	0.806982	0.798086	0.29071	0.0887608
0.676056	0.805955	0.797129	0.289658	0.0886153
0.676056	0.804928	0.796172	0.288612	0.0884825
0.676056	0.803901	0.795215	0.287571	0.0875923
0.676056	0.802875	0.794258	0.286535	0.0874639
0.676056	0.801848	0.793301	0.285505	0.0873556
0.676056	0.800821	0.792344	0.284479	0.0865359
0.676056	0.799795	0.791388	0.283458	0.0860896
0.676056	0.798768	0.790431	0.282443	0.0851387
0.676056	0.797741	0.789474	0.281432	0.0849915
0.676056	0.796715	0.788517	0.280426	0.0848719
0.676056	0.795688	0.78756	0.279425	0.0847781
0.676056	0.794661	0.786603	0.278429	0.0843541
0.676056	0.793634	0.785646	0.277437	0.0835264
0.676056	0.792608	0.784689	0.27645	0.0834958
0.676056	0.791581	0.783732	0.275468	0.0827704
0.676056	0.790554	0.782775	0.27449	0.0823183
0.676056	0.789528	0.781818	0.273517	0.0820353
0.676056	0.788501	0.780861	0.272548	0.0816401
0.676056	0.787474	0.779904	0.271584	0.0814029
0.676056	0.786448	0.778947	0.270624	0.0808802
0.676056	0.785421	0.77799	0.269668	0.0807405
0.676056	0.784394	0.777033	0.268717	0.0801455
0.676056	0.783368	0.776077	0.267769	0.0800264
0.676056	0.782341	0.77512	0.266827	0.0799573
0.676056	0.781314	0.774163	0.265888	0.0797553
0.676056	0.780287	0.773206	0.264953	0.0797504
0.676056	0.779261	0.772249	0.264023	0.0789273
0.676056	0.778234	0.771292	0.263096	0.07803
0.676056	0.777207	0.770335	0.262174	0.0777162
0.676056	0.776181	0.769378	0.261255	0.0776253
0.676056	0.775154	0.768421	0.260341	0.0769513
0.676056	0.774127	0.767464	0.25943	0.0763707
0.676056	0.773101	0.766507	0.258523	0.0756877
0.676056	0.772074	0.76555	0.25762	0.0744374
0.676056	0.771047	0.764593	0.256721	0.0742252
0.676056	0.770021	0.763636	0.255826	0.0737251
0.676056	0.768994	0.762679	0.254934	0.0735293
0.676056	0.767967	0.761722	0.254046	0.0734595
0.676056	0.76694	0.760766	0.253161	0.0732709
0.676056	0.765914	0.759809	0.252281	0.0732444
0.676056	0.764887	0.758852	0.251403	0.0730879
0.676056	0.76386	0.757895	0.25053	0.072591
0.676056	0.762834	0.756938	0.249659	0.0722723
0.676056	0.761807	0.755981	0.248793	0.072028
0.676056	0.76078	0.755024	0.247929	0.0711734
0.676056	0.759754	0.754067	0.247069	0.0711587
0.676056	0.758727	0.75311	0.246213	0.0698907
0.676056	0.7577	0.752153	0.24536	0.0696258
0.676056	0.756674	0.751196	0.24451	0.0691878
0.676056	0.755647	0.750239	0.243663	0.0688518
0.676056	0.75462	0.749282	0.24282	0.0685162
0.690141	0.75462	0.750239	0.25049	0.0684056
0.690141	0.753593	0.749282	0.249644	0.0682999
0.690141	0.752567	0.748325	0.248802	0.0678827
0.690141	0.75154	0.747368	0.247962	0.0676827
0.690141	0.750513	0.746411	0.247126	0.0675156
0.690141	0.749487	0.745455	0.246292	0.0664386
0.690141	0.74846	0.744498	0.245462	0.0661951
0.690141	0.747433	0.743541	0.244635	0.066166
0.690141	0.746407	0.742584	0.243811	0.0647377
0.690141	0.74538	0.741627	0.24299	0.0645122
0.690141	0.744353	0.74067	0.242172	0.0644066
0.690141	0.743326	0.739713	0.241357	0.0638292
0.690141	0.7423	0.738756	0.240545	0.0637492
0.690141	0.741273	0.737799	0.239736	0.0632857
0.690141	0.740246	0.736842	0.23893	0.0624925
0.690141	0.73922	0.735885	0.238126	0.0624257
0.690141	0.738193	0.734928	0.237326	0.0623833
0.690141	0.737166	0.733971	0.236528	0.0622165
0.690141	0.73614	0.733014	0.235733	0.0621253
0.704225	0.73614	0.733971	0.24329	0.0610274
0.704225	0.735113	0.733014	0.242493	0.0608005
0.704225	0.734086	0.732057	0.241698	0.060748
0.704225	0.73306	0.7311	0.240907	0.0605108
0.704225	0.732033	0.730144	0.240118	0.0602722
0.704225	0.731006	0.729187	0.239331	0.0595762
0.704225	0.729979	0.72823	0.238548	0.059519
0.704225	0.728953	0.727273	0.237767	0.0594434
0.704225	0.727926	0.726316	0.236989	0.0587148
0.704225	0.726899	0.725359	0.236213	0.0586869
0.704225	0.725873	0.724402	0.23544	0.0583475
0.704225	0.724846	0.723445	0.23467	0.0583139
0.704225	0.723819	0.722488	0.233902	0.0583062
0.704225	0.722793	0.721531	0.233137	0.0573702
0.704225	0.721766	0.720574	0.232374	0.0573587
0.704225	0.720739	0.719617	0.231614	0.0572425
0.704225	0.719713	0.71866	0.230856	0.0572112
0.71831	0.719713	0.719617	0.238322	0.0571622
0.71831	0.718686	0.71866	0.237562	0.0566067
0.71831	0.717659	0.717703	0.236805	0.0563536
0.71831	0.716632	0.716746	0.23605	0.0560384
0.71831	0.715606	0.715789	0.235298	0.0556576
0.71831	0.714579	0.714833	0.234547	0.0556539
0.71831	0.713552	0.713876	0.2338	0.0552462
0.71831	0.712526	0.712919	0.233054	0.055188
0.71831	0.711499	0.711962	0.232311	0.0550732
0.71831	0.710472	0.711005	0.23157	0.0542399
0.71831	0.709446	0.710048	0.230832	0.053959
0.732394	0.709446	0.711005	0.238244	0.0536568
0.732394	0.708419	0.710048	0.237504	0.0535323
0.732394	0.707392	0.709091	0.236766	0.0534257
0.732394	0.706366	0.708134	0.23603	0.053364
0.732394	0.705339	0.707177	0.235297	0.0532431
0.732394	0.704312	0.70622	0.234566	0.0531573
0.732394	0.703285	0.705263	0.233837	0.053109
0.746479	0.703285	0.70622	0.241214	0.05298
0.746479	0.702259	0.705263	0.240484	0.0525375
0.746479	0.701232	0.704306	0.239755	0.0524382
0.746479	0.700205	0.703349	0.239029	0.0523116
0.746479	0.699179	0.702392	0.238305	0.0521647
0.746479	0.698152	0.701435	0.237583	0.0520754
0.760563	0.698152	0.702392	0.244932	0.0519794
0.760563	0.697125	0.701435	0.244209	0.0519777
0.760563	0.696099	0.700478	0.243488	0.0518325
0.760563	0.695072	0.699522	0.242769	0.0517052
0.760563	0.694045	0.698565	0.242052	0.0516855
0.760563	0.693018	0.697608	0.241337	0.0514371
0.774648	0.693018	0.698565	0.248659	0.0513691
0.774648	0.691992	0.697608	0.247943	0.0512708
0.774648	0.690965	0.696651	0.247229	0.0510262
0.774648	0.689938	0.695694	0.246517	0.0504949
0.774648	0.688912	0.694737	0.245807	0.0503356
0.774648	0.687885	0.69378	0.245099	0.0503218
0.774648	0.686858	0.692823	0.244394	0.0502218
0.774648	0.685832	0.691866	0.24369	0.0500946
0.774648	0.684805	0.690909	0.242988	0.0499896
0.774648	0.683778	0.689952	0.242288	0.0499749
0.774648	0.682752	0.688995	0.241591	0.0492454
0.788732	0.682752	0.689952	0.248871	0.0491707
0.788732	0.681725	0.688995	0.248172	0.0489898
0.788732	0.680698	0.688038	0.247475	0.0489663
0.788732	0.679671	0.687081	0.246781	0.0487054
0.788732	0.678645	0.686124	0.246088	0.0485031
0.788732	0.677618	0.685167	0.245396	0.048369
0.788732	0.676591	0.684211	0.244707	0.0483246
0.788732	0.675565	0.683254	0.24402	0.0479599
0.788732	0.674538	0.682297	0.243335	0.0478579
0.788732	0.673511	0.68134	0.242651	0.0478566
0.788732	0.672485	0.680383	0.24197	0.0470263
0.788732	0.671458	0.679426	0.24129	0.046997
0.788732	0.670431	0.678469	0.240612	0.0468875
0.788732	0.669405	0.677512	0.239936	0.0465522
0.788732	0.668378	0.676555	0.239262	0.0465192
0.788732	0.667351	0.675598	0.238589	0.0464009
0.788732	0.666324	0.674641	0.237918	0.0452997
0.788732	0.665298	0.673684	0.237249	0.0449638
0.788732	0.664271	0.672727	0.236582	0.0448393
0.788732	0.663244	0.67177	0.235917	0.0447772
0.788732	0.662218	0.670813	0.235253	0.0446699
0.788732	0.661191	0.669856	0.234591	0.0441981
0.788732	0.660164	0.6689	0.23393	0.0440567
0.788732	0.659138	0.667943	0.233272	0.0440007
0.788732	0.658111	0.666986	0.232615	0.0439932
0.788732	0.657084	0.666029	0.231959	0.0438863
0.788732	0.656057	0.665072	0.231306	0.0437995
0.788732	0.655031	0.664115	0.230654	0.0437571
0.788732	0.654004	0.663158	0.230003	0.0435956
0.788732	0.652977	0.662201	0.229354	0.0434457
0.788732	0.651951	0.661244	0.228707	0.04341
0.788732	0.650924	0.660287	0.228062	0.0433672
0.788732	0.649897	0.65933	0.227418	0.0430453
0.788732	0.648871	0.658373	0.226775	0.04294
0.788732	0.647844	0.657416	0.226134	0.0425076
0.788732	0.646817	0.656459	0.225495	0.0424948
0.788732	0.645791	0.655502	0.224857	0.0421176
0.788732	0.644764	0.654545	0.224221	0.0421137
0.788732	0.643737	0.653589	0.223586	0.0419849
0.788732	0.64271	0.652632	0.222952	0.0417317
0.788732	0.641684	0.651675	0.222321	0.0415415
0.788732	0.640657	0.650718	0.22169	0.0414971
0.788732	0.63963	0.649761	0.221061	0.0412224
0.788732	0.638604	0.648804	0.220434	0.0409492
0.788732	0.637577	0.647847	0.219808	0.0403622
0.788732	0.63655	0.64689	0.219183	0.0398494
0.788732	0.635524	0.645933	0.21856	0.0397109
0.788732	0.634497	0.644976	0.217938	0.0396947
0.788732	0.63347	0.644019	0.217318	0.0394364
0.788732	0.632444	0.643062	0.216699	0.0392886
0.788732	0.631417	0.642105	0.216082	0.038998
0.788732	0.63039	0.641148	0.215465	0.0389536
0.788732	0.629363	0.640191	0.214851	0.0385685
0.788732	0.628337	0.639234	0.214237	0.0376341
0.788732	0.62731	0.638278	0.213625	0.0375947
0.788732	0.626283	0.637321	0.213014	0.0373432
0.788732	0.625257	0.636364	0.212405	0.0371749
0.802817	0.625257	0.637321	0.219547	0.036804
0.802817	0.62423	0.636364	0.218937	0.0367292
0.802817	0.623203	0.635407	0.218328	0.0365334
0.802817	0.622177	0.63445	0.217721	0.0365313
0.802817	0.62115	0.633493	0.217115	0.0361919
0.802817	0.620123	0.632536	0.216511	0.036067
0.802817	0.619097	0.631579	0.215907	0.0360036
0.802817	0.61807	0.630622	0.215305	0.0358853
0.802817	0.617043	0.629665	0.214705	0.0358592
0.802817	0.616016	0.628708	0.214105	0.0358511
0.802817	0.61499	0.627751	0.213507	0.0358439
0.802817	0.613963	0.626794	0.21291	0.0358351
0.802817	0.612936	0.625837	0.212314	0.0357903
0.816901	0.612936	0.626794	0.219434	0.0357564
0.816901	0.61191	0.625837	0.218838	0.0355315
0.816901	0.610883	0.62488	0.218243	0.0354403
0.816901	0.609856	0.623923	0.21765	0.035389
0.816901	0.60883	0.622967	0.217058	0.0352465
0.816901	0.607803	0.62201	0.216467	0.0351961
0.816901	0.606776	0.621053	0.215877	0.0351283
0.816901	0.605749	0.620096	0.215288	0.0350907
0.816901	0.604723	0.619139	0.214701	0.0346879
0.816901	0.603696	0.618182	0.214115	0.0345962
0.816901	0.602669	0.617225	0.21353	0.0339398
0.816901	0.601643	0.616268	0.212946	0.0337256
0.816901	0.600616	0.615311	0.212363	0.0336957
0.816901	0.599589	0.614354	0.211781	0.0336151
0.816901	0.598563	0.613397	0.211201	0.0331244
0.816901	0.597536	0.61244	0.210622	0.0329675
0.816901	0.596509	0.611483	0.210043	0.0329334
0.816901	0.595483	0.610526	0.209466	0.0329328
0.830986	0.595483	0.611483	0.216564	0.032887
0.830986	0.594456	0.610526	0.215987	0.0328857
0.830986	0.593429	0.609569	0.215411	0.0325715
0.830986	0.592402	0.608612	0.214836	0.0322728
0.830986	0.591376	0.607656	0.214263	0.0321774
0.830986	0.590349	0.606699	0.21369	0.0321635
0.830986	0.589322	0.605742	0.213119	0.0319322
0.830986	0.588296	0.604785	0.212548	0.0317981
0.830986	0.587269	0.603828	0.211979	0.0317914
0.830986	0.586242	0.602871	0.211411	0.031762
0.830986	0.585216	0.601914	0.210844	0.0313302
0.830986	0.584189	0.600957	0.210277	0.0312623
0.830986	0.583162	0.6	0.209712	0.0310026
0.830986	0.582136	0.599043	0.209148	0.0306037
0.830986	0.581109	0.598086	0.208585	0.0305888
0.830986	0.580082	0.597129	0.208023	0.0305805
0.830986	0.579055	0.596172	0.207462	0.0303534
0.830986	0.578029	0.595215	0.206902	0.029856
0.830986	0.577002	0.594258	0.206343	0.0296176
0.830986	0.575975	0.593301	0.205785	0.0293757
0.830986	0.574949	0.592344	0.205228	0.0292241
0.830986	0.573922	0.591388	0.204672	0.0287396
0.830986	0.572895	0.590431	0.204116	0.0284725
0.830986	0.571869	0.589474	0.203562	0.0284617
0.830986	0.570842	0.588517	0.203009	0.0284245
0.830986	0.569815	0.58756	0.202457	0.0280387
0.830986	0.568789	0.586603	0.201905	0.0279609
0.830986	0.567762	0.585646	0.201355	0.0278675
0.830986	0.566735	0.584689	0.200805	0.0276983
0.830986	0.565708	0.583732	0.200257	0.0276214
0.830986	0.564682	0.582775	0.199709	0.0276068
0.84507	0.564682	0.583732	0.206788	0.0275519
0.84507	0.563655	0.582775	0.206241	0.0271686
0.84507	0.562628	0.581818	0.205695	0.0271328
0.84507	0.561602	0.580861	0.20515	0.0268682
0.84507	0.560575	0.579904	0.204606	0.0267857
0.84507	0.559548	0.578947	0.204062	0.0267363
0.84507	0.558522	0.57799	0.20352	0.0264741
0.84507	0.557495	0.577033	0.202978	0.0264341
0.84507	0.556468	0.576077	0.202437	0.026383
0.84507	0.555441	0.57512	0.201898	0.0262038
0.84507	0.554415	0.574163	0.201359	0.0262019
0.859155	0.554415	0.57512	0.208436	0.0261722
0.859155	0.553388	0.574163	0.207898	0.0261072
0.859155	0.552361	0.573206	0.207361	0.0259436
0.859155	0.551335	0.572249	0.206825	0.0258379
0.873239	0.551335	0.573206	0.213902	0.0256803
0.873239	0.550308	0.572249	0.213367	0.0256067
0.873239	0.549281	0.571292	0.212833	0.0255531
0.873239	0.548255	0.570335	0.212299	0.0254995
0.873239	0.547228	0.569378	0.211767	0.0254415
0.873239	0.546201	0.568421	0.211235	0.0253189
0.873239	0.545175	0.567464	0.210704	0.0251593
0.873239	0.544148	0.566507	0.210174	0.0251281
0.873239	0.543121	0.56555	0.209644	0.0249636
0.873239	0.542094	0.564593	0.209116	0.0247837
0.873239	0.541068	0.563636	0.208588	0.0247784
0.873239	0.540041	0.562679	0.208061	0.0246583
0.873239	0.539014	0.561722	0.207535	0.0245103
0.873239	0.537988	0.560766	0.20701	0.0244718
0.873239	0.536961	0.559809	0.206486	0.0242174
0.873239	0.535934	0.558852	0.205962	0.02421
0.873239	0.534908	0.557895	0.205439	0.0241601
0.873239	0.533881	0.556938	0.204917	0.0239458
0.873239	0.532854	0.555981	0.204396	0.0237936
0.873239	0.531828	0.555024	0.203876	0.0237285
0.873239	0.530801	0.554067	0.203356	0.0236574
0.873239	0.529774	0.55311	0.202837	0.0233493
0.873239	0.528747	0.552153	0.202319	0.02334
0.873239	0.527721	0.551196	0.201801	0.0232906
0.873239	0.526694	0.550239	0.201284	0.0232085
0.887324	0.526694	0.551196	0.208374	0.022913
0.887324	0.525667	0.550239	0.207859	0.0227844
0.887324	0.524641	0.549282	0.207344	0.0226843
0.887324	0.523614	0.548325	0.206831	0.022614
0.887324	0.522587	0.547368	0.206318	0.0226014
0.887324	0.521561	0.546411	0.205805	0.0225377
0.887324	0.520534	0.545455	0.205294	0.0224746
0.887324	0.519507	0.544498	0.204783	0.022354
0.887324	0.51848	0.543541	0.204273	0.0222094
0.887324	0.517454	0.542584	0.203764	0.0217897
0.887324	0.516427	0.541627	0.203255	0.021758
0.887324	0.5154	0.54067	0.202747	0.0216145
0.887324	0.514374	0.539713	0.20224	0.0214893
0.887324	0.513347	0.538756	0.201733	0.0213602
0.887324	0.51232	0.537799	0.201227	0.0212296
0.887324	0.511294	0.536842	0.200722	0.0211324
0.887324	0.510267	0.535885	0.200218	0.0209459
0.887324	0.50924	0.534928	0.199714	0.0206652
0.887324	0.508214	0.533971	0.199211	0.0204946
0.887324	0.507187	0.533014	0.198708	0.0202916
0.887324	0.50616	0.532057	0.198206	0.0197091
0.887324	0.505133	0.5311	0.197705	0.0196331
0.887324	0.504107	0.530144	0.197205	0.0195995
0.887324	0.50308	0.529187	0.196705	0.0193849
0.887324	0.502053	0.52823	0.196205	0.0193424
0.887324	0.501027	0.527273	0.195707	0.0193281
0.887324	0.5	0.526316	0.195209	0.0192736
0.887324	0.498973	0.525359	0.194711	0.0190571
0.887324	0.497947	0.524402	0.194214	0.0190442
0.901408	0.497947	0.525359	0.201337	0.0188583
0.901408	0.49692	0.524402	0.200842	0.0187214
0.901408	0.495893	0.523445	0.200348	0.0185331
0.901408	0.494867	0.522488	0.199854	0.0184693
0.901408	0.49384	0.521531	0.199361	0.0184316
0.901408	0.492813	0.520574	0.198869	0.0183508
0.901408	0.491786	0.519617	0.198378	0.0180175
0.901408	0.49076	0.51866	0.197886	0.0179555
0.901408	0.489733	0.517703	0.197396	0.0179265
0.901408	0.488706	0.516746	0.196906	0.0178144
0.901408	0.48768	0.515789	0.196417	0.0177564
0.901408	0.486653	0.514833	0.195928	0.0176739
0.901408	0.485626	0.513876	0.19544	0.0172452
0.901408	0.4846	0.512919	0.194953	0.0171828
0.901408	0.483573	0.511962	0.194466	0.017135
0.901408	0.482546	0.511005	0.193979	0.0170338
0.901408	0.48152	0.510048	0.193493	0.0169229
0.901408	0.480493	0.509091	0.193008	0.016865
0.901408	0.479466	0.508134	0.192523	0.0167432
0.901408	0.478439	0.507177	0.192039	0.0167396
0.901408	0.477413	0.50622	0.191555	0.0166347
0.901408	0.476386	0.505263	0.191072	0.0165171
0.901408	0.475359	0.504306	0.19059	0.0162981
0.901408	0.474333	0.503349	0.190108	0.0162779
0.901408	0.473306	0.502392	0.189626	0.0160601
0.901408	0.472279	0.501435	0.189145	0.0159321
0.901408	0.471253	0.500478	0.188665	0.0158586
0.901408	0.470226	0.499522	0.188185	0.0158388
0.901408	0.469199	0.498565	0.187705	0.0157382
0.901408	0.468172	0.497608	0.187226	0.0157209
0.901408	0.467146	0.496651	0.186748	0.0157151
0.901408	0.466119	0.495694	0.186269	0.0155003
0.901408	0.465092	0.494737	0.185792	0.0153803
0.901408	0.464066	0.49378	0.185315	0.0153681
0.901408	0.463039	0.492823	0.184838	0.0152976
0.901408	0.462012	0.491866	0.184362	0.0152887
0.901408	0.460986	0.490909	0.183886	0.0150993
0.901408	0.459959	0.489952	0.183411	0.0150243
0.901408	0.458932	0.488995	0.182936	0.0150236
0.901408	0.457906	0.488038	0.182462	0.0149348
0.901408	0.456879	0.487081	0.181988	0.014833
0.915493	0.456879	0.488038	0.189193	0.0147977
0.915493	0.455852	0.487081	0.188722	0.0146907
0.915493	0.454825	0.486124	0.188251	0.0146861
0.929577	0.454825	0.487081	0.195465	0.0146402
0.929577	0.453799	0.486124	0.194998	0.0144107
0.929577	0.452772	0.485167	0.194531	0.014293
0.929577	0.451745	0.484211	0.194064	0.0142127
0.929577	0.450719	0.483254	0.193598	0.0142114
0.929577	0.449692	0.482297	0.193133	0.0141677
0.929577	0.448665	0.48134	0.192668	0.0141639
0.929577	0.447639	0.480383	0.192203	0.0141606
0.929577	0.446612	0.479426	0.191739	0.0141189
0.929577	0.445585	0.478469	0.191276	0.0139122
0.929577	0.444559	0.477512	0.190812	0.0138301
0.929577	0.443532	0.476555	0.19035	0.0136884
0.929577	0.442505	0.475598	0.189887	0.0136837
0.929577	0.441478	0.474641	0.189426	0.0135477
0.929577	0.440452	0.473684	0.188964	0.013534
0.929577	0.439425	0.472727	0.188503	0.0135183
0.929577	0.438398	0.47177	0.188042	0.0135163
0.929577	0.437372	0.470813	0.187582	0.0134852
0.929577	0.436345	0.469856	0.187122	0.0133829
0.929577	0.435318	0.4689	0.186663	0.0133217
0.929577	0.434292	0.467943	0.186204	0.0133101
0.929577	0.433265	0.466986	0.185746	0.013272
0.929577	0.432238	0.466029	0.185287	0.0131507
0.929577	0.431211	0.465072	0.18483	0.0130981
0.929577	0.430185	0.464115	0.184372	0.0130814
0.929577	0.429158	0.463158	0.183915	0.0129745
0.929577	0.428131	0.462201	0.183459	0.012905
0.929577	0.427105	0.461244	0.183002	0.0128268
0.929577	0.426078	0.460287	0.182547	0.0126018
0.929577	0.425051	0.45933	0.182091	0.0125995
0.929577	0.424025	0.458373	0.181636	0.0125889
0.929577	0.422998	0.457416	0.181181	0.0122392
0.929577	0.421971	0.456459	0.180727	0.0122322
0.929577	0.420945	0.455502	0.180273	0.0121892
0.929577	0.419918	0.454545	0.179819	0.0121886
0.943662	0.419918	0.455502	0.187144	0.0121035
0.943662	0.418891	0.454545	0.186694	0.012076
0.943662	0.417864	0.453589	0.186244	0.0119182
0.943662	0.416838	0.452632	0.185795	0.0119125
0.943662	0.415811	0.451675	0.185347	0.0118432
0.943662	0.414784	0.450718	0.184898	0.0117901
0.943662	0.413758	0.449761	0.18445	0.0117821
0.957746	0.413758	0.450718	0.191805	0.0116951
0.957746	0.412731	0.449761	0.191361	0.011691
0.957746	0.411704	0.448804	0.190917	0.0115546
0.957746	0.410678	0.447847	0.190474	0.0115141
0.957746	0.409651	0.44689	0.190032	0.011377
0.957746	0.408624	0.445933	0.189589	0.0111718
0.957746	0.407598	0.444976	0.189148	0.0111592
0.957746	0.406571	0.444019	0.188706	0.0111339
0.957746	0.405544	0.443062	0.188265	0.0111332
0.957746	0.404517	0.442105	0.187824	0.0110523
0.957746	0.403491	0.441148	0.187383	0.0109934
0.957746	0.402464	0.440191	0.186943	0.0107291
0.957746	0.401437	0.439234	0.186503	0.0106506
0.957746	0.400411	0.438278	0.186064	0.0106483
0.957746	0.399384	0.437321	0.185625	0.010606
0.957746	0.398357	0.436364	0.185186	0.0103948
0.957746	0.397331	0.435407	0.184747	0.010289
0.957746	0.396304	0.43445	0.184309	0.0102749
0.957746	0.395277	0.433493	0.183871	0.010269
0.957746	0.394251	0.432536	0.183434	0.0102261
0.957746	0.393224	0.431579	0.182996	0.0101297
0.957746	0.392197	0.430622	0.182559	0.0101197
0.957746	0.39117	0.429665	0.182123	0.0101153
0.957746	0.390144	0.428708	0.181686	0.0100985
0.957746	0.389117	0.427751	0.18125	0.0100498
0.957746	0.38809	0.426794	0.180815	0.0100254
0.957746	0.387064	0.425837	0.180379	0.010023
0.957746	0.386037	0.42488	0.179944	0.00997836
0.957746	0.38501	0.423923	0.179509	0.00996714
0.957746	0.383984	0.422967	0.179074	0.00984877
0.957746	0.382957	0.42201	0.17864	0.00979187
0.957746	0.38193	0.421053	0.178206	0.00978277
0.957746	0.380903	0.420096	0.177772	0.00973717
0.957746	0.379877	0.419139	0.177338	0.00972439
0.957746	0.37885	0.418182	0.176905	0.00971172
0.971831	0.37885	0.419139	0.184418	0.00968739
0.971831	0.377823	0.418182	0.18399	0.0096188
0.971831	0.376797	0.417225	0.183563	0.00954965
0.971831	0.37577	0.416268	0.183135	0.00953457
0.971831	0.374743	0.415311	0.182708	0.00937402
0.971831	0.373717	0.414354	0.182281	0.00934371
0.971831	0.37269	0.413397	0.181854	0.0093431
0.971831	0.371663	0.41244	0.181428	0.00927449
0.971831	0.370637	0.411483	0.181002	0.00918519
0.971831	0.36961	0.410526	0.180576	0.00917444
0.971831	0.368583	0.409569	0.18015	0.00910724
0.971831	0.367556	0.408612	0.179725	0.0090841
0.971831	0.36653	0.407656	0.1793	0.0090402
0.971831	0.365503	0.406699	0.178875	0.00899948
0.971831	0.364476	0.405742	0.17845	0.00896921
0.971831	0.36345	0.404785	0.178026	0.00896357
0.971831	0.362423	0.403828	0.177601	0.00892569
0.971831	0.361396	0.402871	0.177177	0.00892398
0.971831	0.36037	0.401914	0.176754	0.00890783
0.971831	0.359343	0.400957	0.17633	0.00887011
0.971831	0.358316	0.4	0.175907	0.00877916
0.971831	0.35729	0.399043	0.175484	0.00876825
0.971831	0.356263	0.398086	0.175061	0.0087477
0.971831	0.355236	0.397129	0.174638	0.00873964
0.971831	0.354209	0.396172	0.174216	0.00868236
0.971831	0.353183	0.395215	0.173794	0.00862829
0.971831	0.352156	0.394258	0.173372	0.00861403
0.971831	0.351129	0.393301	0.17295	0.00855291
0.971831	0.350103	0.392344	0.172528	0.00851679
0.971831	0.349076	0.391388	0.172106	0.0084018
0.971831	0.348049	0.390431	0.171685	0.00835476
0.971831	0.347023	0.389474	0.171264	0.00833659
0.985915	0.347023	0.390431	0.178966	0.00833168
0.985915	0.345996	0.389474	0.178551	0.0083191
0.985915	0.344969	0.388517	0.178137	0.00830451
0.985915	0.343943	0.38756	0.177723	0.00827447
0.985915	0.342916	0.386603	0.177309	0.00826884
0.985915	0.341889	0.385646	0.176895	0.00825655
0.985915	0.340862	0.384689	0.176482	0.00825306
0.985915	0.339836	0.383732	0.176068	0.00823378
0.985915	0.338809	0.382775	0.175655	0.00822456
0.985915	0.337782	0.381818	0.175242	0.00821611
0.985915	0.336756	0.380861	0.174829	0.00815939
0.985915	0.335729	0.379904	0.174417	0.00815774
0.985915	0.334702	0.378947	0.174004	0.00815031
0.985915	0.333676	0.37799	0.173592	0.00814907
0.985915	0.332649	0.377033	0.17318	0.00811198
0.985915	0.331622	0.376077	0.172768	0.00805439
0.985915	0.330595	0.37512	0.172356	0.00796097
0.985915	0.329569	0.374163	0.171945	0.00794825
0.985915	0.328542	0.373206	0.171533	0.00791852
0.985915	0.327515	0.372249	0.171122	0.00791489
0.985915	0.326489	0.371292	0.170711	0.00776449
0.985915	0.325462	0.370335	0.1703	0.00771787
0.985915	0.324435	0.369378	0.169889	0.00771681
0.985915	0.323409	0.368421	0.169479	0.00753851
0.985915	0.322382	0.367464	0.169068	0.0074499
0.985915	0.321355	0.366507	0.168658	0.00740437
0.985915	0.320329	0.36555	0.168247	0.00730416
0.985915	0.319302	0.364593	0.167837	0.00723935
0.985915	0.318275	0.363636	0.167427	0.00720464
0.985915	0.317248	0.362679	0.167017	0.00712471
0.985915	0.316222	0.361722	0.166608	0.00710688
0.985915	0.315195	0.360766	0.166198	0.00699308
0.985915	0.314168	0.359809	0.165788	0.00691173
0.985915	0.313142	0.358852	0.165379	0.00687331
0.985915	0.312115	0.357895	0.164969	0.00685977
0.985915	0.311088	0.356938	0.16456	0.0068556
0.985915	0.310062	0.355981	0.164151	0.00684834
0.985915	0.309035	0.355024	0.163742	0.00684581
0.985915	0.308008	0.354067	0.163333	0.00679018
0.985915	0.306982	0.35311	0.162924	0.00678575
0.985915	0.305955	0.352153	0.162515	0.00677722
0.985915	0.304928	0.351196	0.162106	0.00672946
0.985915	0.303901	0.350239	0.161698	0.00672324
0.985915	0.302875	0.349282	0.161289	0.00671711
0.985915	0.301848	0.348325	0.16088	0.00659296
0.985915	0.300821	0.347368	0.160472	0.0065921
0.985915	0.299795	0.346411	0.160063	0.00655441
0.985915	0.298768	0.345455	0.159655	0.00651442
0.985915	0.297741	0.344498	0.159246	0.00647491
0.985915	0.296715	0.343541	0.158838	0.00641051
0.985915	0.295688	0.342584	0.15843	0.00639741
0.985915	0.294661	0.341627	0.158021	0.00635763
0.985915	0.293634	0.34067	0.157613	0.00628157
0.985915	0.292608	0.339713	0.157205	0.00627281
0.985915	0.291581	0.338756	0.156797	0.00624522
0.985915	0.290554	0.337799	0.156389	0.00619028
0.985915	0.289528	0.336842	0.15598	0.00617067
0.985915	0.288501	0.335885	0.155572	0.00615567
0.985915	0.287474	0.334928	0.155164	0.00594326
0.985915	0.286448	0.333971	0.154756	0.00588343
0.985915	0.285421	0.333014	0.154348	0.00587548
0.985915	0.284394	0.332057	0.15394	0.00585903
0.985915	0.283368	0.3311	0.153531	0.00562579
0.985915	0.282341	0.330144	0.153123	0.00560984
0.985915	0.281314	0.329187	0.152715	0.00559298
0.985915	0.280287	0.32823	0.152307	0.00550093
0.985915	0.279261	0.327273	0.151898	0.00549153
0.985915	0.278234	0.326316	0.15149	0.00547645
0.985915	0.277207	0.325359	0.151082	0.005474
0.985915	0.276181	0.324402	0.150673	0.00539175
0.985915	0.275154	0.323445	0.150265	0.00537983
0.985915	0.274127	0.322488	0.149856	0.0053764
0.985915	0.273101	0.321531	0.149448	0.00535183
0.985915	0.272074	0.320574	0.149039	0.00530154
0.985915	0.271047	0.319617	0.148631	0.00527053
0.985915	0.270021	0.31866	0.148222	0.00515871
0.985915	0.268994	0.317703	0.147813	0.00505399
0.985915	0.267967	0.316746	0.147404	0.00504028
0.985915	0.26694	0.315789	0.146995	0.0050361
0.985915	0.265914	0.314833	0.146586	0.00501506
0.985915	0.264887	0.313876	0.146177	0.00498513
0.985915	0.26386	0.312919	0.145768	0.00494065
0.985915	0.262834	0.311962	0.145359	0.00488121
0.985915	0.261807	0.311005	0.144949	0.0048734
0.985915	0.26078	0.310048	0.14454	0.00486979
0.985915	0.259754	0.309091	0.14413	0.00486321
0.985915	0.258727	0.308134	0.14372	0.00484372
0.985915	0.2577	0.307177	0.14331	0.00484057
0.985915	0.256674	0.30622	0.1429	0.00480036
0.985915	0.255647	0.305263	0.14249	0.00471631
0.985915	0.25462	0.304306	0.14208	0.00464908
0.985915	0.253593	0.303349	0.141669	0.00458173
0.985915	0.252567	0.302392	0.141259	0.00455113
0.985915	0.25154	0.301435	0.140848	0.00452344
0.985915	0.250513	0.300478	0.140437	0.00449956
0.985915	0.249487	0.299522	0.140026	0.00449705
0.985915	0.24846	0.298565	0.139614	0.00449174
0.985915	0.247433	0.297608	0.139203	0.00447718
0.985915	0.246407	0.296651	0.138791	0.00436296
0.985915	0.24538	0.295694	0.13838	0.00432011
0.985915	0.244353	0.294737	0.137968	0.00430792
0.985915	0.243326	0.29378	0.137555	0.00425144
0.985915	0.2423	0.292823	0.137143	0.00416724
0.985915	0.241273	0.291866	0.13673	0.00416503
0.985915	0.240246	0.290909	0.136318	0.00415368
0.985915	0.23922	0.289952	0.135904	0.00413515
0.985915	0.238193	0.288995	0.135491	0.00413401
0.985915	0.237166	0.288038	0.135078	0.0041169
0.985915	0.23614	0.287081	0.134664	0.00405908
0.985915	0.235113	0.286124	0.13425	0.00400778
0.985915	0.234086	0.285167	0.133836	0.00398785
0.985915	0.23306	0.284211	0.133421	0.00396647
0.985915	0.232033	0.283254	0.133006	0.00391741
0.985915	0.231006	0.282297	0.132591	0.00382285
0.985915	0.229979	0.28134	0.132176	0.0037347
0.985915	0.228953	0.280383	0.131761	0.00372198
0.985915	0.227926	0.279426	0.131345	0.00366722
0.985915	0.226899	0.278469	0.130929	0.00365447
0.985915	0.225873	0.277512	0.130512	0.00362248
0.985915	0.224846	0.276555	0.130095	0.00358873
0.985915	0.223819	0.275598	0.129678	0.00353538
0.985915	0.222793	0.274641	0.129261	0.0035272
0.985915	0.221766	0.273684	0.128843	0.00349302
0.985915	0.220739	0.272727	0.128425	0.00349146
0.985915	0.219713	0.27177	0.128007	0.00347804
0.985915	0.218686	0.270813	0.127588	0.00345434
0.985915	0.217659	0.269856	0.127169	0.00336215
0.985915	0.216632	0.2689	0.126749	0.00334669
0.985915	0.215606	0.267943	0.12633	0.00332062
0.985915	0.214579	0.266986	0.125909	0.00325513
0.985915	0.213552	0.266029	0.125489	0.00323388
0.985915	0.212526	0.265072	0.125068	0.00322773
0.985915	0.211499	0.264115	0.124647	0.00322251
0.985915	0.210472	0.263158	0.124225	0.00315296
0.985915	0.209446	0.262201	0.123803	0.00311058
0.985915	0.208419	0.261244	0.12338	0.00310298
0.985915	0.207392	0.260287	0.122957	0.0031022
0.985915	0.206366	0.25933	0.122534	0.0030907
0.985915	0.205339	0.258373	0.12211	0.00308242
0.985915	0.204312	0.257416	0.121686	0.0030363
0.985915	0.203285	0.256459	0.121261	0.00302915
0.985915	0.202259	0.255502	0.120835	0.0030237
0.985915	0.201232	0.254545	0.12041	0.00301039
0.985915	0.200205	0.253589	0.119984	0.00296206
0.985915	0.199179	0.252632	0.119557	0.00294165
0.985915	0.198152	0.251675	0.11913	0.00291962
0.985915	0.197125	0.250718	0.118702	0.00285044
0.985915	0.196099	0.249761	0.118274	0.00281136
0.985915	0.195072	0.248804	0.117845	0.00280588
0.985915	0.194045	0.247847	0.117416	0.00279747
0.985915	0.193018	0.24689	0.116986	0.00279457
0.985915	0.191992	0.245933	0.116556	0.00277388
0.985915	0.190965	0.244976	0.116125	0.0027738
0.985915	0.189938	0.244019	0.115693	0.00272641
0.985915	0.188912	0.243062	0.115261	0.00271163
0.985915	0.187885	0.242105	0.114828	0.00267753
0.985915	0.186858	0.241148	0.114395	0.00265806
0.985915	0.185832	0.240191	0.113961	0.00260917
0.985915	0.184805	0.239234	0.113527	0.0025937
0.985915	0.183778	0.238278	0.113092	0.00257709
0.985915	0.182752	0.237321	0.112656	0.00257313
0.985915	0.181725	0.236364	0.112219	0.0025603
0.985915	0.180698	0.235407	0.111782	0.00246842
0.985915	0.179671	0.23445	0.111344	0.00245668
0.985915	0.178645	0.233493	0.110906	0.00244838
0.985915	0.177618	0.232536	0.110467	0.00242924
0.985915	0.176591	0.231579	0.110027	0.00242434
0.985915	0.175565	0.230622	0.109586	0.00239805
0.985915	0.174538	0.229665	0.109145	0.00238443
0.985915	0.173511	0.228708	0.108703	0.00237898
0.985915	0.172485	0.227751	0.10826	0.00233218
0.985915	0.171458	0.226794	0.107817	0.00230031
0.985915	0.170431	0.225837	0.107372	0.00226456
0.985915	0.169405	0.22488	0.106927	0.00223841
0.985915	0.168378	0.223923	0.106481	0.00217794
0.985915	0.167351	0.222967	0.106034	0.00216134
0.985915	0.166324	0.22201	0.105587	0.00214979
0.985915	0.165298	0.221053	0.105138	0.00209775
0.985915	0.164271	0.220096	0.104689	0.00207497
0.985915	0.163244	0.219139	0.104239	0.00206431
0.985915	0.162218	0.218182	0.103788	0.00205232
0.985915	0.161191	0.217225	0.103336	0.00201973
0.985915	0.160164	0.216268	0.102883	0.0020181
0.985915	0.159138	0.215311	0.102429	0.00200304
0.985915	0.158111	0.214354	0.101974	0.00192265
0.985915	0.157084	0.213397	0.101518	0.00186503
0.985915	0.156057	0.21244	0.101062	0.00186474
0.985915	0.155031	0.211483	0.100604	0.00182779
0.985915	0.154004	0.210526	0.100145	0.00181207
0.985915	0.152977	0.209569	0.0996854	0.00180056
0.985915	0.151951	0.208612	0.0992246	0.00173667
0.985915	0.150924	0.207656	0.0987627	0.00173245
0.985915	0.149897	0.206699	0.0982998	0.00169828
0.985915	0.148871	0.205742	0.0978358	0.00169474
0.985915	0.147844	0.204785	0.0973706	0.00168594
0.985915	0.146817	0.203828	0.0969043	0.00167706
0.985915	0.145791	0.202871	0.0964369	0.00166916
0.985915	0.144764	0.201914	0.0959683	0.00166836
0.985915	0.143737	0.200957	0.0954984	0.00163469
0.985915	0.14271	0.2	0.0950274	0.00161885
0.985915	0.141684	0.199043	0.0945552	0.00160826
0.985915	0.140657	0.198086	0.0940817	0.00160196
0.985915	0.13963	0.197129	0.0936069	0.00158185
0.985915	0.138604	0.196172	0.0931308	0.00156968
0.985915	0.137577	0.195215	0.0926535	0.00156395
0.985915	0.13655	0.194258	0.0921747	0.00155576
0.985915	0.135524	0.193301	0.0916946	0.00151255
0.985915	0.134497	0.192344	0.0912132	0.00150193
0.985915	0.13347	0.191388	0.0907303	0.00150067
0.985915	0.132444	0.190431	0.090246	0.00149702
0.985915	0.131417	0.189474	0.0897602	0.00149661
0.985915	0.13039	0.188517	0.0892729	0.00147134
0.985915	0.129363	0.18756	0.0887841	0.00145856
0.985915	0.128337	0.186603	0.0882938	0.00142936
0.985915	0.12731	0.185646	0.087802	0.00140887
0.985915	0.126283	0.184689	0.0873085	0.00139844
0.985915	0.125257	0.183732	0.0868134	0.0013656
0.985915	0.12423	0.182775	0.0863166	0.00134326
0.985915	0.123203	0.181818	0.0858182	0.00133019
0.985915	0.122177	0.180861	0.0853181	0.00130748
0.985915	0.12115	0.179904	0.0848162	0.00128861
0.985915	0.120123	0.178947	0.0843125	0.00127798
0.985915	0.119097	0.17799	0.0838071	0.00127543
0.985915	0.11807	0.177033	0.0832998	0.00126733
0.985915	0.117043	0.176077	0.0827906	0.00126124
0.985915	0.116016	0.17512	0.0822795	0.0012506
0.985915	0.11499	0.174163	0.0817664	0.00122335
0.985915	0.113963	0.173206	0.0812514	0.00121345
0.985915	0.112936	0.172249	0.0807344	0.00119724
0.985915	0.11191	0.171292	0.0802153	0.00116413
0.985915	0.110883	0.170335	0.079694	0.0011437
0.985915	0.109856	0.169378	0.0791707	0.00113968
0.985915	0.10883	0.168421	0.0786451	0.00112701
0.985915	0.107803	0.167464	0.0781174	0.00109426
0.985915	0.106776	0.166507	0.0775873	0.00108779
0.985915	0.105749	0.16555	0.077055	0.00105987
0.985915	0.104723	0.164593	0.0765202	0.00104385
0.985915	0.103696	0.163636	0.0759831	0.00101873
0.985915	0.102669	0.162679	0.0754435	0.00101647
0.985915	0.101643	0.161722	0.0749013	0.00100448
0.985915	0.100616	0.160766	0.0743566	0.000979627
0.985915	0.0995893	0.159809	0.0738093	0.0009706
0.985915	0.0985626	0.158852	0.0732593	0.000969662
0.985915	0.0975359	0.157895	0.0727066	0.000940962
0.985915	0.0965092	0.156938	0.072151	0.000916577
0.985915	0.0954825	0.155981	0.0715926	0.000908757
0.985915	0.0944559	0.155024	0.0710313	0.000896344
0.985915	0.0934292	0.154067	0.070467	0.00089145
0.985915	0.0924025	0.15311	0.0698997	0.000891074
0.985915	0.0913758	0.152153	0.0693292	0.000874401
0.985915	0.0903491	0.151196	0.0687555	0.000868971
0.985915	0.0893224	0.150239	0.0681786	0.000852657
0.985915	0.0882957	0.149282	0.0675983	0.000848436
0.985915	0.087269	0.148325	0.0670146	0.00084369
0.985915	0.0862423	0.147368	0.0664273	0.000842881
0.985915	0.0852156	0.146411	0.0658365	0.000839653
0.985915	0.0841889	0.145455	0.065242	0.000837677
0.985915	0.0831622	0.144498	0.0646437	0.000826395
0.985915	0.0821355	0.143541	0.0640416	0.00082105
0.985915	0.0811088	0.142584	0.0634355	0.000790731
0.985915	0.0800821	0.141627	0.0628253	0.000788392
0.985915	0.0790554	0.14067	0.062211	0.000785604
0.985915	0.0780287	0.139713	0.0615924	0.000782418
0.985915	0.0770021	0.138756	0.0609694	0.00076547
0.985915	0.0759754	0.137799	0.0603418	0.000755692
0.985915	0.0749487	0.136842	0.0597097	0.00075176
0.985915	0.073922	0.135885	0.0590728	0.000736175
0.985915	0.0728953	0.134928	0.0584309	0.000732659
0.985915	0.0718686	0.133971	0.0577841	0.000711729
0.985915	0.0708419	0.133014	0.057132	0.000677685
0.985915	0.0698152	0.132057	0.0564747	0.000675428
0.985915	0.0687885	0.1311	0.0558118	0.000674956
0.985915	0.0677618	0.130144	0.0551433	0.000671581
0.985915	0.0667351	0.129187	0.0544689	0.00066345
0.985915	0.0657084	0.12823	0.0537886	0.0006403
0.985915	0.0646817	0.127273	0.053102	0.000627441
0.985915	0.063655	0.126316	0.052409	0.000624979
0.985915	0.0626283	0.125359	0.0517095	0.00060731
0.985915	0.0616016	0.124402	0.0510031	0.000593185
0.985915	0.0605749	0.123445	0.0502896	0.000584022
0.985915	0.0595483	0.122488	0.0495689	0.000574539
0.985915	0.0585216	0.121531	0.0488406	0.000564769
0.985915	0.0574949	0.120574	0.0481045	0.000559337
0.985915	0.0564682	0.119617	0.0473604	0.000531691
0.985915	0.0554415	0.11866	0.0466078	0.000490711
0.985915	0.0544148	0.117703	0.0458465	0.000468462
0.985915	0.0533881	0.116746	0.0450762	0.000465376
0.985915	0.0523614	0.115789	0.0442965	0.000439427
0.985915	0.0513347	0.114833	0.043507	0.000423145
1	0.0513347	0.115789	0.0605234	0.000420803
1	0.050308	0.114833	0.059885	0.000406906
1	0.0492813	0.113876	0.059241	0.000401413
1	0.0482546	0.112919	0.0585913	0.000398772
1	0.0472279	0.111962	0.0579356	0.000386989
1	0.0462012	0.111005	0.0572738	0.000386498
1	0.0451745	0.110048	0.0566055	0.000384346
1	0.0441478	0.109091	0.0559307	0.000382954
1	0.0431211	0.108134	0.0552489	0.000377374
1	0.0420945	0.107177	0.0545601	0.000360941
1	0.0410678	0.10622	0.0538638	0.000355756
1	0.0400411	0.105263	0.0531598	0.00034418
1	0.0390144	0.104306	0.0524477	0.000341845
1	0.0379877	0.103349	0.0517274	0.000325124
1	0.036961	0.102392	0.0509983	0.000312721
1	0.0359343	0.101435	0.0502601	0.000307511
1	0.0349076	0.100478	0.0495124	0.00030191
1	0.0338809	0.0995215	0.0487547	0.000296529
1	0.0328542	0.0985646	0.0479866	0.000293307
1	0.0318275	0.0976077	0.0472076	0.000279436
1	0.0308008	0.0966507	0.046417	0.000272696
1	0.0297741	0.0956938	0.0456144	0.000267874
1	0.0287474	0.0947368	0.044799	0.000267125
1	0.0277207	0.0937799	0.0439701	0.000266429
1	0.026694	0.092823	0.043127	0.000258341
1	0.0256674	0.091866	0.0422688	0.000258101
1	0.0246407	0.0909091	0.0413945	0.000253896
1	0.023614	0.0899522	0.0405031	0.000252015
1	0.0225873	0.0889952	0.0395934	0.000246482
1	0.0215606	0.0880383	0.0386642	0.000240451
1	0.0205339	0.0870813	0.037714	0.000237174
1	0.0195072	0.0861244	0.0367412	0.000222202
1	0.0184805	0.0851675	0.0357438	0.000214255
1	0.0174538	0.0842105	0.0347198	0.000192395
1	0.0164271	0.0832536	0.0336668	0.000176415
1	0.0154004	0.0822967	0.0325819	0.000161214
1	0.0143737	0.0813397	0.0314619	0.000157531
1	0.013347	0.0803828	0.0303027	0.000156923
1	0.0123203	0.0794258	0.0290998	0.000156547
1	0.0112936	0.0784689	0.0278475	0.000149134
1	0.0102669	0.077512	0.0265387	0.000141884
1	0.00924025	0.076555	0.0251647	0.000141476
1	0.00821355	0.0755981	0.023714	0.000121386
1	0.00718686	0.0746411	0.0221718	0.000114055
1	0.00616016	0.0736842	0.0205172	8.91428e-05
1	0.00513347	0.0727273	0.0187205	7.50502e-05
1	0.00410678	0.0717703	0.0167361	5.27439e-05
1	0.00308008	0.0708134	0.0144869	4.99919e-05
1	0.00205339	0.0698565	0.0118229	4.82917e-05
1	0.00102669	0.0688995	0.00835602	3.39822e-05
1	0	0.0679426	-nan	3.20814e-05
1	0	0.0679426	-nan	-1000
