0.010567042976617813	0.0
0.16977077722549438	0.0
0.03209572285413742	0.0
0.0046705701388418674	0.0
0.017688753083348274	0.0
0.043903693556785583	0.0
0.03596702963113785	0.0
0.22783991694450378	1.0
0.23106928169727325	1.0
0.17251887917518616	0.0
0.23012761771678925	0.0
0.23106928169727325	0.0
0.033122532069683075	0.0
0.017733201384544373	0.0
0.12712854146957397	1.0
0.09028550237417221	1.0
0.20017702877521515	0.0
0.15462283790111542	0.0
0.23101924359798431	0.0
0.02316245622932911	0.0
0.15446200966835022	0.0
0.09638918936252594	0.0
0.13135945796966553	0.0
0.22970011830329895	0.0
0.029609844088554382	0.0
0.03217823803424835	0.0
0.08464576303958893	0.0
0.03640839457511902	0.0
0.0049775587394833565	0.0
0.04766406491398811	0.0
0.013921041041612625	0.0
0.013654368929564953	0.0
0.23027561604976654	0.0
0.1043703705072403	0.0
0.22991354763507843	1.0
0.23038481175899506	0.0
0.021851079538464546	0.0
0.18157097697257996	0.0
0.006149630527943373	0.0
0.17149072885513306	0.0
0.22905206680297852	1.0
0.02116953581571579	0.0
0.1543603241443634	0.0
0.008074767887592316	0.0
0.15066933631896973	1.0
0.008916518650949001	0.0
0.032698553055524826	0.0
0.23079454898834229	0.0
0.0040892912074923515	0.0
0.03614138811826706	0.0
0.04746919870376587	0.0
0.1541217863559723	0.0
0.006040077656507492	0.0
0.08244875073432922	0.0
0.05038275942206383	0.0
0.23106928169727325	0.0
0.010488972067832947	0.0
0.02062184549868107	0.0
0.020236946642398834	0.0
0.03454705327749252	0.0
0.011284402571618557	0.0
0.05776551365852356	0.0
0.02878442592918873	0.0
0.05692216008901596	0.0
0.014085781760513783	0.0
0.22998139262199402	0.0
0.13386912643909454	0.0
0.004730166867375374	0.0
0.036037273705005646	0.0
0.19426371157169342	0.0
0.19685079157352448	0.0
0.2309076189994812	1.0
0.23098595440387726	1.0
0.1944253146648407	0.0
0.22832801938056946	1.0
0.009103691205382347	0.0
0.2276688516139984	1.0
0.09634330868721008	0.0
0.011863754130899906	0.0
0.045475803315639496	0.0
0.014087004587054253	0.0
0.010679208673536777	0.0
0.02438204549252987	0.0
0.04056859761476517	0.0
0.005415080580860376	0.0
0.22081150114536285	1.0
0.0053447154350578785	0.0
0.00995259266346693	0.0
0.15810199081897736	0.0
0.14711174368858337	0.0
0.05324976146221161	0.0
0.009294030256569386	0.0
0.23106928169727325	0.0
0.016626575961709023	0.0
0.1938333809375763	1.0
0.004340901970863342	0.0
0.07547309994697571	0.0
0.016256393864750862	0.0
0.11699908971786499	0.0
0.011901815421879292	0.0
0.23106928169727325	0.0
0.05097808688879013	0.0
0.10998449474573135	1.0
0.07832387834787369	0.0
0.22217130661010742	1.0
0.2303304672241211	0.0
0.03090120479464531	0.0
0.18152277171611786	1.0
0.09385489672422409	0.0
0.010956590063869953	0.0
0.08626960963010788	0.0
0.020738618448376656	0.0
0.23106928169727325	0.0
0.11047227680683136	0.0
0.22344212234020233	0.0
0.2148655205965042	0.0
0.019857363775372505	0.0
0.02586744725704193	0.0
0.12652252614498138	0.0
0.00517202029004693	0.0
0.19541557133197784	0.0
0.14537754654884338	0.0
0.012640519998967648	0.0
0.029412001371383667	0.0
0.00622863182798028	0.0
0.17430710792541504	1.0
0.15345017611980438	0.0
0.042279116809368134	0.0
0.19350190460681915	0.0
0.042360469698905945	0.0
0.1725884974002838	0.0
0.23106928169727325	1.0
0.09211579710245132	0.0
0.031205758452415466	0.0
0.1019023135304451	0.0
0.22898152470588684	0.0
0.18322552740573883	0.0
2.9676733902306296e-05	0.0
0.04792539030313492	0.0
0.013118826784193516	0.0
0.0031551774591207504	0.0
0.19895274937152863	0.0
0.04311256855726242	0.0
0.04006046801805496	0.0
0.07703159004449844	0.0
0.035758137702941895	0.0
0.003784022992476821	0.0
0.060283511877059937	0.0
0.006935872603207827	0.0
0.23106928169727325	1.0
0.2080724835395813	1.0
0.06914152204990387	0.0
0.016225941479206085	0.0
0.011988404206931591	0.0
0.23106928169727325	1.0
0.23106928169727325	0.0
0.2285638004541397	0.0
0.021600721403956413	0.0
0.2310594767332077	0.0
0.23095136880874634	0.0
0.06581921875476837	0.0
0.012962776236236095	0.0
0.05444372817873955	0.0
0.23106928169727325	1.0
0.020228231325745583	0.0
0.1765466332435608	0.0
0.04783540964126587	0.0
0.023778392001986504	0.0
0.02035713382065296	0.0
0.004916730802506208	0.0
0.18931569159030914	0.0
0.04301787540316582	0.0
0.2301674634218216	0.0
0.09764939546585083	0.0
0.08870700001716614	0.0
0.10366693139076233	0.0
0.15496417880058289	1.0
0.0035028508864343166	0.0
0.006431520916521549	0.0
0.13728468120098114	0.0
0.21530579030513763	1.0
0.001887575606815517	0.0
0.0696391686797142	0.0
0.01796385459601879	0.0
0.09465473890304565	0.0
0.10024341195821762	0.0
0.009291748516261578	0.0
0.11819719523191452	0.0
0.22884224355220795	1.0
0.013848284259438515	0.0
0.07445001602172852	0.0
0.05626273527741432	0.0
0.09719586372375488	0.0
0.1905137151479721	0.0
0.2177935540676117	0.0
0.034404803067445755	0.0
0.23106928169727325	0.0
0.087629534304142	0.0
0.08208876848220825	0.0
0.1336577832698822	0.0
0.028532549738883972	0.0
0.16169016063213348	0.0
0.22935450077056885	1.0
0.02417297102510929	0.0
0.020644765347242355	0.0
0.055555831640958786	0.0
0.16415061056613922	1.0
0.03360604867339134	0.0
0.011034110561013222	0.0
0.0925711914896965	0.0
0.05651789903640747	0.0
0.22901393473148346	0.0
0.008037520572543144	0.0
0.05986450985074043	0.0
0.028046516701579094	1.0
0.23106928169727325	0.0
0.0887783095240593	1.0
0.16693386435508728	0.0
0.06435538828372955	0.0
0.23106928169727325	0.0
0.23102737963199615	0.0
0.23106928169727325	1.0
0.013025938533246517	0.0
0.23063580691814423	0.0
0.1948753446340561	0.0
0.007737972307950258	0.0
0.12025269865989685	0.0
0.14443689584732056	1.0
0.03488811105489731	0.0
0.23106928169727325	1.0
0.04311186075210571	0.0
0.10279925167560577	0.0
0.12652479112148285	0.0
0.15322118997573853	0.0
0.23106928169727325	1.0
0.2302602082490921	0.0
0.002868137788027525	0.0
0.04505172371864319	0.0
0.23106928169727325	1.0
0.02837744913995266	0.0
0.1286163479089737	0.0
0.22548983991146088	1.0
0.23081719875335693	0.0
0.057661786675453186	0.0
0.20637883245944977	0.0
0.003052418353036046	0.0
0.14604654908180237	0.0
0.04488145560026169	0.0
0.09919275343418121	0.0
0.0674658864736557	0.0
0.09755118191242218	0.0
0.07525603473186493	0.0
0.23106928169727325	0.0
0.03518275171518326	0.0
0.01772340200841427	1.0
0.025369729846715927	0.0
0.09130178391933441	0.0
0.05613720789551735	0.0
0.23106928169727325	0.0
0.13412398099899292	0.0
0.05021556839346886	0.0
0.22894087433815002	1.0
0.012743592262268066	0.0
0.0019005239009857178	0.0
0.10707453638315201	0.0
0.10756944864988327	0.0
0.041796427220106125	0.0
0.23106928169727325	0.0
0.08067145198583603	0.0
0.10944478958845139	0.0
0.08545254915952682	0.0
0.19091230630874634	0.0
0.12309530377388	0.0
0.17686229944229126	1.0
0.23001787066459656	1.0
0.20096370577812195	0.0
0.11353125423192978	1.0
0.08965077996253967	0.0
0.23068004846572876	0.0
0.013332019560039043	0.0
0.04669658839702606	0.0
0.23054417967796326	0.0
0.22866882383823395	0.0
0.1662435233592987	1.0
0.011603173799812794	0.0
0.23056480288505554	0.0
0.15971945226192474	1.0
0.052472472190856934	0.0
0.06287378072738647	0.0
0.19232039153575897	1.0
0.14988204836845398	0.0
0.22756750881671906	0.0
0.03425101190805435	0.0
0.23106928169727325	1.0
0.0622849278151989	0.0
0.18995074927806854	0.0
0.08090528100728989	0.0
0.01247778907418251	0.0
0.03288634493947029	0.0
0.005054942332208157	0.0
0.11301624029874802	0.0
0.014015995897352695	0.0
0.23106928169727325	0.0
0.20681776106357574	1.0
0.051543500274419785	0.0
0.17256107926368713	0.0
0.03356868401169777	0.0
0.042355284094810486	0.0
0.18878693878650665	0.0
0.10582631081342697	0.0
0.1414080709218979	0.0
0.11228873580694199	0.0
0.051632121205329895	0.0
0.028224509209394455	0.0
0.006853348109871149	0.0
0.028375661000609398	0.0
0.09464403241872787	0.0
0.1341831535100937	0.0
0.027782848104834557	0.0
0.14694245159626007	0.0
0.21466560661792755	0.0
0.18204453587532043	1.0
0.04892544820904732	0.0
0.06277214735746384	0.0
0.22742164134979248	0.0
0.22717298567295074	0.0
0.10559392720460892	0.0
0.10244325548410416	0.0
0.23106928169727325	1.0
0.22934231162071228	0.0
0.17879530787467957	0.0
0.10751413553953171	0.0
0.23106928169727325	0.0
0.09779092669487	0.0
0.12004024535417557	1.0
0.12773126363754272	0.0
0.027655567973852158	0.0
0.06238950416445732	0.0
0.06254105269908905	0.0
0.1747099906206131	0.0
0.02651890553534031	0.0
0.08955620229244232	0.0
0.04954410344362259	0.0
0.17026276886463165	0.0
0.0034437791910022497	0.0
0.12782447040081024	0.0
0.008019576780498028	0.0
0.08083939552307129	0.0
0.002276419661939144	0.0
0.09139221906661987	0.0
0.011888083070516586	0.0
0.0946635827422142	0.0
0.07902702689170837	0.0
0.018959861248731613	0.0
0.1578153818845749	0.0
0.1941571831703186	1.0
0.1571454405784607	0.0
0.013514922000467777	0.0
0.14254635572433472	0.0
0.16948576271533966	0.0
0.015094701200723648	0.0
0.025067754089832306	0.0
0.06624913215637207	0.0
0.05270841345191002	0.0
0.0159915704280138	0.0
0.221188023686409	1.0
0.012646199204027653	0.0
0.046549197286367416	0.0
0.17372672259807587	0.0
0.23106928169727325	0.0
0.021770160645246506	0.0
0.018541831523180008	0.0
0.22857676446437836	0.0
0.12742507457733154	1.0
0.10509400814771652	0.0
0.12453825771808624	0.0
0.057430949062108994	0.0
0.23106928169727325	0.0
0.2307930886745453	0.0
0.02170669287443161	0.0
0.020417870953679085	0.0
0.1039859876036644	0.0
0.23106928169727325	0.0
0.1105419173836708	1.0
0.03587968274950981	0.0
0.0221958477050066	0.0
0.15511082112789154	0.0
0.21105095744132996	0.0
0.028935624286532402	0.0
0.05338041111826897	0.0
0.21787360310554504	1.0
0.20286890864372253	1.0
0.00571060786023736	0.0
0.0531742125749588	0.0
0.19158431887626648	0.0
0.07179445773363113	0.0
0.23106928169727325	0.0
0.23105810582637787	1.0
0.05082855373620987	0.0
0.01639288105070591	0.0
0.23090796172618866	1.0
0.010227988474071026	0.0
0.003722917987033725	0.0
0.017275484278798103	0.0
0.23106928169727325	1.0
0.0382690392434597	0.0
0.03336038812994957	0.0
0.20349903404712677	0.0
0.18420341610908508	1.0
0.023737696930766106	0.0
0.227312833070755	0.0
0.08733586966991425	0.0
0.0034336382523179054	0.0
0.009547632187604904	0.0
0.11826693266630173	0.0
0.0335167720913887	0.0
0.12578415870666504	0.0
0.04233104735612869	0.0
0.22790181636810303	0.0
0.01279021892696619	0.0
0.06830264627933502	0.0
0.0858573317527771	0.0
0.029890883713960648	0.0
0.01551521010696888	0.0
0.06750339269638062	0.0
0.05101854354143143	0.0
0.028240695595741272	0.0
0.009707174263894558	0.0
0.23070557415485382	0.0
0.0964379608631134	1.0
0.018233787268400192	0.0
0.08952438831329346	1.0
0.010648169554769993	0.0
0.18269631266593933	0.0
0.07976405322551727	0.0
0.0306222103536129	0.0
0.028333386406302452	0.0
0.02371387742459774	0.0
0.03154310956597328	0.0
0.045961178839206696	0.0
0.23089249432086945	0.0
0.1514098197221756	0.0
0.2074357569217682	0.0
0.0968126505613327	1.0
0.012696507386863232	0.0
0.042357929050922394	0.0
0.013244090601801872	0.0
0.22757387161254883	0.0
0.004441764205694199	0.0
0.13157816231250763	1.0
0.127057284116745	0.0
0.22519226372241974	0.0
0.1012251079082489	0.0
0.021780628710985184	0.0
0.09254743903875351	0.0
0.04489533603191376	0.0
0.23106928169727325	1.0
0.017879139631986618	0.0
0.094272181391716	0.0
0.03210676461458206	0.0
0.08884409815073013	0.0
0.20211903750896454	0.0
0.23106928169727325	1.0
0.06630901992321014	0.0
0.009832390584051609	0.0
0.0630628690123558	0.0
0.03810349851846695	0.0
0.05635496601462364	0.0
0.23106928169727325	1.0
0.042656198143959045	0.0
0.03245481848716736	0.0
0.1857239454984665	0.0
0.0698307529091835	0.0
0.23098361492156982	0.0
0.22960788011550903	0.0
0.13966549932956696	0.0
0.1566837877035141	0.0
0.22957594692707062	1.0
0.11642549932003021	0.0
0.23062051832675934	1.0
0.09687971323728561	0.0
0.23106928169727325	0.0
0.11422187834978104	0.0
0.22814765572547913	1.0
0.04977220669388771	0.0
0.022060217335820198	0.0
0.06262876093387604	0.0
0.05093260854482651	0.0
0.006786816753447056	0.0
0.187407448887825	0.0
0.02905159629881382	0.0
0.17985467612743378	0.0
0.05597658455371857	0.0
0.11638450622558594	0.0
0.008692619390785694	0.0
0.08856292068958282	0.0
0.013450250029563904	0.0
0.006465863436460495	0.0
0.06574832648038864	0.0
0.039561927318573	0.0
0.03562984988093376	0.0
0.01232554204761982	0.0
0.22511529922485352	1.0
0.10102330148220062	0.0
0.011503984220325947	0.0
0.17119844257831573	0.0
0.22606849670410156	0.0
0.175086110830307	0.0
0.016252588480710983	0.0
0.018472418189048767	0.0
0.20948275923728943	0.0
0.06513430923223495	0.0
0.11722316592931747	1.0
0.23061387240886688	0.0
0.06069786474108696	0.0
0.21471314132213593	0.0
0.007272403687238693	0.0
0.05295005440711975	0.0
0.005948034580796957	0.0
0.14552129805088043	0.0
0.13697728514671326	0.0
0.04550907760858536	0.0
0.06449052691459656	0.0
0.010716259479522705	0.0
0.05353584513068199	0.0
0.03822825849056244	0.0
0.04041361063718796	0.0
0.009142771363258362	0.0
0.09815578162670135	0.0
0.047054946422576904	0.0
0.06644413620233536	0.0
0.19533315300941467	0.0
0.11702987551689148	1.0
0.20256149768829346	0.0
0.1865783929824829	0.0
0.08874298632144928	0.0
0.07332678884267807	0.0
0.23104038834571838	0.0
0.00438580010086298	0.0
0.018283868208527565	0.0
0.20096217095851898	0.0
0.022426292300224304	0.0
0.12844246625900269	0.0
0.07640229910612106	1.0
0.22608157992362976	0.0
0.0880492702126503	0.0
0.005974691826850176	0.0
0.23106928169727325	0.0
0.13589470088481903	0.0
0.06571158766746521	0.0
0.01615738309919834	0.0
0.23106928169727325	1.0
0.028517715632915497	0.0
0.22810035943984985	0.0
0.1737947314977646	0.0
0.19716547429561615	1.0
0.22858470678329468	0.0
0.10439649224281311	0.0
0.002849260577932	0.0
0.026364371180534363	0.0
0.126491516828537	0.0
0.1378163844347	0.0
0.19731202721595764	0.0
0.23106928169727325	0.0
0.10850760340690613	0.0
0.21017391979694366	1.0
0.0007168913725763559	0.0
0.033484190702438354	0.0
0.1627475619316101	0.0
0.23033620417118073	0.0
0.011094559915363789	0.0
0.2310631275177002	0.0
0.07877831906080246	0.0
0.20678146183490753	0.0
0.006450430955737829	0.0
0.00483457837253809	0.0
0.023416416719555855	0.0
0.05471677705645561	0.0
0.03812230005860329	0.0
0.02611791342496872	0.0
0.23106928169727325	0.0
0.23106928169727325	0.0
0.21701259911060333	0.0
0.013157646171748638	0.0
0.19277501106262207	0.0
0.11038997024297714	0.0
0.03596622124314308	0.0
0.021967031061649323	0.0
0.08177876472473145	0.0
0.02420083060860634	0.0
0.05095416679978371	0.0
0.23106928169727325	1.0
0.0984150841832161	1.0
0.01911584846675396	0.0
0.03628501668572426	0.0
0.1163751557469368	0.0
0.17001941800117493	0.0
0.1470598578453064	0.0
0.01791289821267128	0.0
0.15925295650959015	1.0
0.23106928169727325	0.0
0.23095868527889252	0.0
0.12943843007087708	0.0
0.12292228639125824	0.0
0.23097023367881775	0.0
0.2306807041168213	0.0
0.0416286364197731	0.0
0.16772577166557312	0.0
0.1261470764875412	0.0
0.23106928169727325	0.0
0.02353827655315399	0.0
0.04542582482099533	0.0
0.23106928169727325	0.0
0.03994517773389816	0.0
0.02091411128640175	0.0
0.08392485231161118	0.0
0.11268637329339981	0.0
0.23106928169727325	0.0
0.005044416058808565	0.0
0.04287523403763771	0.0
0.03519842401146889	0.0
0.22584101557731628	0.0
0.0343744270503521	0.0
0.0020571474451571703	0.0
0.05356345698237419	0.0
0.0022951061837375164	0.0
0.02114475518465042	0.0
0.14607903361320496	0.0
0.017720313742756844	0.0
0.13889721035957336	0.0
0.04273413494229317	0.0
0.0068170418962836266	0.0
0.13202175498008728	0.0
0.06730890274047852	0.0
0.15143394470214844	0.0
0.10146762430667877	0.0
0.20227980613708496	1.0
0.2310415357351303	0.0
0.20662729442119598	0.0
0.010184822604060173	0.0
0.03516441583633423	0.0
0.07888104021549225	0.0
0.23106928169727325	1.0
0.09053344279527664	0.0
0.0068348771892488	0.0
0.10501539707183838	0.0
0.1315658837556839	0.0
0.2274569272994995	0.0
0.031527407467365265	0.0
0.19074806571006775	1.0
0.18601275980472565	0.0
0.038600604981184006	0.0
0.02822043187916279	0.0
0.20346567034721375	1.0
0.011517548002302647	0.0
0.03668307885527611	0.0
0.0240099485963583	0.0
0.04127458855509758	0.0
0.2282736450433731	0.0
0.05562569946050644	0.0
0.06587372720241547	0.0
0.029678232967853546	0.0
0.11718318611383438	0.0
0.004348727874457836	0.0
0.07447948306798935	0.0
0.021794132888317108	0.0
0.06344619393348694	0.0
0.08465442061424255	0.0
0.049691297113895416	0.0
0.21663428843021393	0.0
0.00807955116033554	0.0
0.04601148143410683	0.0
0.093002088367939	0.0
0.1926243156194687	1.0
0.06291496753692627	0.0
0.0953265130519867	0.0
0.11911837756633759	0.0
0.2305629998445511	1.0
0.20171141624450684	0.0
0.04239246994256973	0.0
0.06524892151355743	0.0
0.008037189021706581	0.0
0.23106928169727325	0.0
0.04660738632082939	0.0
0.2287691980600357	0.0
0.06264913827180862	0.0
0.06416896730661392	0.0
0.23106928169727325	0.0
0.10725162923336029	0.0
0.048728667199611664	0.0
0.23106928169727325	0.0
0.032221462577581406	0.0
0.22708885371685028	0.0
0.04104425385594368	0.0
0.022597109898924828	0.0
0.20132896304130554	0.0
0.02102791704237461	0.0
0.007350611966103315	0.0
0.09289126843214035	0.0
0.03514242172241211	0.0
0.06200925633311272	0.0
0.04900948330760002	0.0
0.026773978024721146	0.0
0.00496838940307498	0.0
0.09557037800550461	0.0
0.008727549575269222	0.0
0.020548969507217407	0.0
0.23106928169727325	1.0
0.23106928169727325	0.0
0.05197843909263611	0.0
0.2310059368610382	0.0
0.15867924690246582	0.0
0.013144971802830696	0.0
0.04909869655966759	0.0
0.010075750760734081	0.0
0.04889235645532608	0.0
0.05272766575217247	0.0
0.17615154385566711	0.0
0.020925372838974	0.0
0.15493807196617126	0.0
0.15150363743305206	0.0
0.006200484465807676	0.0
0.019514065235853195	0.0
0.00409468961879611	0.0
0.03899645432829857	0.0
0.041691843420267105	0.0
0.23106928169727325	1.0
0.04192735254764557	0.0
0.23106928169727325	0.0
0.008617555722594261	0.0
0.23100163042545319	0.0
0.034539882093667984	0.0
0.21549499034881592	1.0
0.2310221940279007	1.0
0.011308196932077408	0.0
0.03562679514288902	1.0
0.168324813246727	0.0
0.17251676321029663	0.0
0.046662501990795135	0.0
0.03531875088810921	0.0
0.01740446127951145	0.0
0.2300257384777069	0.0
0.0023953996133059263	0.0
0.21549347043037415	0.0
0.230982705950737	0.0
0.1706363707780838	0.0
0.03227286413311958	0.0
0.22708925604820251	1.0
0.010079552419483662	0.0
0.15341052412986755	0.0
0.09041795879602432	0.0
0.1905970424413681	0.0
0.03307655081152916	0.0
0.18526174128055573	1.0
0.139729306101799	0.0
0.22022581100463867	0.0
0.014514869078993797	0.0
0.0734250545501709	0.0
0.027488231658935547	0.0
0.024133950471878052	0.0
0.011958809569478035	0.0
0.04551022872328758	0.0
0.029476221650838852	0.0
0.08615732938051224	1.0
0.12462612241506577	1.0
0.01520349271595478	0.0
0.08532901853322983	1.0
0.005711135920137167	0.0
0.1882716715335846	0.0
0.19141650199890137	0.0
0.01886262558400631	0.0
0.08091657608747482	0.0
0.02318468503654003	0.0
0.22803816199302673	0.0
0.015240396372973919	0.0
0.23105202615261078	0.0
0.004709340166300535	0.0
0.1536525934934616	0.0
0.06524326652288437	0.0
0.05442699044942856	0.0
0.09702560305595398	0.0
0.23106928169727325	0.0
0.03304878622293472	0.0
0.03196229413151741	0.0
0.0964091494679451	0.0
0.16005517542362213	1.0
0.0131565872579813	0.0
0.01453463640064001	0.0
0.2015385627746582	0.0
0.008236619643867016	0.0
0.02112250030040741	0.0
0.04849208518862724	0.0
0.012615264393389225	0.0
0.20471583306789398	1.0
0.09753227233886719	0.0
0.04612908512353897	0.0
0.11825645714998245	0.0
0.009566779248416424	0.0
0.015352663584053516	0.0
0.04689403623342514	0.0
0.07912445813417435	0.0
0.1574118584394455	1.0
0.15819960832595825	1.0
0.002167940605431795	0.0
0.0704294964671135	0.0
0.18052779138088226	0.0
0.2154117375612259	0.0
0.02931353822350502	0.0
0.016067834571003914	0.0
0.029485603794455528	0.0
0.03436457738280296	0.0
0.05325892195105553	0.0
0.22863297164440155	0.0
0.22955891489982605	1.0
0.04896291717886925	0.0
0.08756913989782333	0.0
0.08037777990102768	0.0
0.056671567261219025	0.0
0.2200404405593872	0.0
0.07396823167800903	0.0
0.09970159828662872	0.0
0.03355399891734123	0.0
0.17356954514980316	0.0
0.18655355274677277	0.0
0.1925773024559021	0.0
0.09340143948793411	0.0
0.11717893183231354	0.0
0.22108474373817444	0.0
0.06783238798379898	0.0
0.15242598950862885	1.0
0.15511807799339294	0.0
0.07102417945861816	0.0
0.1621890664100647	0.0
0.008799202740192413	0.0
0.08109355717897415	0.0
0.006636389531195164	0.0
0.011888833716511726	0.0
0.2304740995168686	0.0
0.0016479792539030313	0.0
0.1837196946144104	0.0
0.23103155195713043	0.0
0.0033187130466103554	0.0
0.007682927418500185	0.0
0.2309512048959732	0.0
0.02413558028638363	0.0
0.08027292788028717	0.0
0.2304365634918213	0.0
0.048706453293561935	0.0
0.1355188488960266	0.0
0.2309630811214447	1.0
0.16160890460014343	1.0
0.0036952467635273933	0.0
0.007350779604166746	0.0
0.16816765069961548	0.0
0.23106928169727325	1.0
0.0400768481194973	0.0
0.11449022591114044	1.0
0.06209223344922066	0.0
0.04009256884455681	0.0
0.013608156703412533	0.0
0.004911727271974087	0.0
0.052654001861810684	0.0
0.16457387804985046	0.0
0.007694875355809927	0.0
0.046157944947481155	0.0
0.23106928169727325	0.0
0.10870485007762909	0.0
0.23106928169727325	1.0
0.023705340921878815	0.0
0.08096945285797119	1.0
0.22882401943206787	0.0
0.0002765014360193163	0.0
0.1431829333305359	0.0
0.09203315526247025	0.0
0.009577597491443157	0.0
0.10961227118968964	0.0
0.05379313975572586	0.0
0.008951302617788315	0.0
0.008627831935882568	0.0
0.17488835752010345	1.0
0.04033733159303665	0.0
0.059292782098054886	0.0
0.20398513972759247	0.0
0.015483129769563675	1.0
0.1274992972612381	0.0
0.2287515550851822	0.0
0.1064196303486824	0.0
0.09092321991920471	0.0
0.0099886329844594	0.0
0.18343286216259003	0.0
0.01279339101165533	0.0
0.07534526288509369	0.0
0.22899827361106873	0.0
0.10026589035987854	0.0
0.10527339577674866	0.0
0.022673362866044044	0.0
0.10032068938016891	0.0
0.028450019657611847	0.0
0.01116193551570177	0.0
0.1589987576007843	0.0
0.20154380798339844	0.0
0.05091812461614609	0.0
0.08810311555862427	0.0
0.21341460943222046	0.0
0.13793516159057617	0.0
0.028990931808948517	0.0
0.21010549366474152	0.0
0.16261985898017883	0.0
0.23106928169727325	1.0
0.1059899851679802	1.0
0.1368994116783142	0.0
0.2197871208190918	0.0
0.12233390659093857	0.0
0.04771780967712402	0.0
0.22996696829795837	0.0
0.047437697649002075	0.0
0.08684695512056351	0.0
0.07113876938819885	0.0
0.23078301548957825	1.0
0.03382563591003418	0.0
0.07390974462032318	0.0
0.0004962988896295428	0.0
0.08636125922203064	0.0
0.04932061955332756	0.0
0.11916868388652802	0.0
0.009891720488667488	0.0
0.0613226518034935	0.0
0.19424250721931458	0.0
0.04256246238946915	0.0
0.07121701538562775	0.0
0.0025918027386069298	0.0
0.011605639941990376	0.0
0.01184115745127201	0.0
0.046404145658016205	0.0
0.00463258009403944	0.0
0.06269678473472595	0.0
0.20851664245128632	1.0
0.10871723294258118	0.0
0.1633133888244629	0.0
0.14018116891384125	0.0
0.1500217169523239	0.0
0.03218172863125801	0.0
0.010500440374016762	0.0
0.23040471971035004	0.0
0.005073640029877424	0.0
0.012418006546795368	0.0
0.05247795209288597	0.0
0.08340027183294296	0.0
0.19431693851947784	0.0
0.016947120428085327	0.0
0.0051708645187318325	0.0
0.1425161510705948	0.0
0.09779015928506851	0.0
0.17355237901210785	0.0
0.012089958414435387	0.0
0.23106928169727325	1.0
0.23106928169727325	1.0
0.18798385560512543	0.0
0.18798768520355225	0.0
0.06458601355552673	0.0
0.03559340164065361	0.0
0.007681284099817276	0.0
0.23106928169727325	1.0
0.048092927783727646	0.0
0.20895251631736755	1.0
0.029747167602181435	0.0
0.09367351979017258	0.0
0.11143799126148224	0.0
0.23106928169727325	0.0
0.14077381789684296	0.0
0.03656310588121414	0.0
0.017218085005879402	0.0
0.01261834055185318	0.0
0.21190117299556732	0.0
0.23106928169727325	0.0
0.23106928169727325	1.0
0.131504088640213	0.0
0.042920444160699844	0.0
0.12571217119693756	0.0
0.008332964032888412	0.0
0.0021819707471877337	0.0
0.16771328449249268	1.0
0.004923384170979261	0.0
0.015168962068855762	0.0
0.013806748203933239	0.0
0.02804688550531864	0.0
0.017945239320397377	0.0
0.00915189366787672	0.0
0.019107911735773087	0.0
0.06812624633312225	0.0
0.023365329951047897	0.0
0.1198175773024559	0.0
0.04037807136774063	0.0
0.13669538497924805	1.0
0.013264073058962822	0.0
0.23106928169727325	1.0
0.021006207913160324	0.0
0.0768386721611023	0.0
0.23106928169727325	0.0
0.011864637024700642	0.0
0.009800474159419537	0.0
0.04916272312402725	0.0
0.07322430610656738	1.0
0.016138367354869843	0.0
0.18418993055820465	0.0
0.05109361186623573	0.0
0.14018835127353668	0.0
0.03413598611950874	0.0
0.021451054140925407	0.0
0.04206973686814308	0.0
0.09355474263429642	0.0
0.23106928169727325	1.0
0.07348918914794922	0.0
0.01952470652759075	0.0
0.17701619863510132	0.0
0.22782528400421143	0.0
0.017706939950585365	0.0
0.039730433374643326	0.0
0.02349923737347126	0.0
0.17230823636054993	0.0
0.01745622046291828	0.0
0.07547327131032944	0.0
0.09410835057497025	0.0
0.07689014077186584	0.0
0.06112329661846161	0.0
0.0649804174900055	0.0
0.03933706134557724	0.0
0.0023211606312543154	0.0
0.08288931101560593	0.0
0.014328986406326294	0.0
0.23106928169727325	1.0
0.22954997420310974	0.0
0.032045505940914154	0.0
0.08095120638608932	0.0
0.011520984582602978	0.0
0.23092272877693176	0.0
0.15593454241752625	0.0
0.22223065793514252	1.0
0.01116258930414915	0.0
0.23103776574134827	1.0
0.16415353119373322	0.0
0.14917272329330444	0.0
0.13780781626701355	0.0
0.0141727514564991	0.0
0.03879266232252121	0.0
0.04227739945054054	0.0
0.01379024051129818	0.0
0.19682779908180237	0.0
0.030415892601013184	0.0
0.07945767045021057	1.0
0.004360545426607132	0.0
0.008605575188994408	0.0
0.0456678681075573	0.0
0.20997712016105652	1.0
0.03506211191415787	0.0
0.1896691769361496	0.0
0.11145187169313431	0.0
0.22586023807525635	0.0
0.0351286306977272	0.0
0.035836853086948395	0.0
0.08832689374685287	0.0
0.19415490329265594	0.0
0.08653295785188675	0.0
0.0596194826066494	0.0
0.21072307229042053	1.0
0.035825394093990326	0.0
0.04950691759586334	0.0
0.027460329234600067	0.0
0.09866634011268616	0.0
0.18887673318386078	1.0
0.07354245334863663	0.0
0.07266031950712204	0.0
0.012430116534233093	0.0
0.1668836623430252	0.0
0.228160560131073	0.0
0.01437592227011919	0.0
0.051516156643629074	0.0
0.23106928169727325	1.0
0.2006409466266632	1.0
0.23106928169727325	1.0
0.07012254744768143	0.0
0.21700765192508698	1.0
0.23106928169727325	1.0
0.18837203085422516	0.0
0.0487244687974453	0.0
0.22748111188411713	0.0
0.05467835068702698	0.0
0.016349803656339645	0.0
0.0156567245721817	0.0
0.07340432703495026	0.0
0.08204250782728195	0.0
0.11549849808216095	0.0
0.15388327836990356	0.0
0.004964576568454504	0.0
0.013821546919643879	0.0
0.15902109444141388	0.0
0.02788597159087658	0.0
0.04166178032755852	0.0
0.02340521104633808	0.0
0.16201938688755035	0.0
0.23106928169727325	0.0
0.04893862083554268	0.0
0.012207339517772198	0.0
0.08669483661651611	0.0
0.0598134808242321	0.0
0.03429702669382095	0.0
0.23033370077610016	0.0
0.2267962247133255	0.0
0.22755086421966553	0.0
0.06292838603258133	0.0
0.048912759870290756	0.0
0.1701854169368744	0.0
0.009577728807926178	0.0
0.18843971192836761	0.0
0.15921716392040253	1.0
0.22354140877723694	0.0
0.08732564002275467	0.0
0.18922768533229828	0.0
0.040025338530540466	0.0
0.01043704617768526	0.0
0.01055364590138197	0.0
0.030454926192760468	0.0
0.21293817460536957	1.0
0.019163930788636208	0.0
0.013633744791150093	0.0
0.14321966469287872	0.0
0.044898200780153275	0.0
0.017756031826138496	0.0
0.06862469762563705	0.0
0.025904465466737747	0.0
0.015746161341667175	0.0
0.11329446732997894	0.0
0.23106928169727325	0.0
0.05691538751125336	0.0
0.0074779195711016655	0.0
0.009305110201239586	0.0
0.061165839433670044	1.0
0.230610191822052	0.0
0.07305282354354858	0.0
0.035617291927337646	0.0
0.053687646985054016	0.0
0.17814970016479492	0.0
0.0756814181804657	0.0
0.13454650342464447	0.0
0.18843147158622742	0.0
0.23106928169727325	0.0
0.10486263036727905	0.0
0.010955747216939926	0.0
0.0154507951810956	0.0
0.18374796211719513	1.0
0.16695871949195862	0.0
0.11374890804290771	0.0
0.15162408351898193	0.0
0.019551625475287437	0.0
0.08421733230352402	0.0
0.01130059827119112	0.0
0.00968222413212061	0.0
0.14330144226551056	1.0
0.022981835529208183	0.0
0.190827876329422	1.0
0.23106928169727325	0.0
0.02183038927614689	0.0
0.03435160964727402	0.0
0.0730251893401146	0.0
0.02503131702542305	0.0
0.20127718150615692	0.0
0.016928358003497124	0.0
0.007574832066893578	0.0
0.11751391738653183	1.0
0.0566054992377758	0.0
0.006401731166988611	0.0
0.14518819749355316	0.0
0.1576130986213684	1.0
0.05795510858297348	0.0
0.027730800211429596	0.0
0.03767430782318115	0.0
0.10390964150428772	1.0
0.1513923704624176	0.0
0.059280913323163986	0.0
0.14592508971691132	0.0
0.014168236404657364	0.0
0.1711396425962448	0.0
0.05088449642062187	1.0
0.1727634221315384	1.0
0.1637742519378662	1.0
0.07395514845848083	0.0
0.1984194815158844	0.0
0.23106928169727325	1.0
0.2042480856180191	0.0
0.14133992791175842	0.0
0.002834925428032875	0.0
0.1222897469997406	0.0
0.11087515205144882	0.0
0.1876206248998642	0.0
0.054343707859516144	0.0
0.036234937608242035	0.0
0.14494289457798004	1.0
0.0120196882635355	0.0
0.014851763844490051	0.0
0.043006766587495804	0.0
0.036909643560647964	0.0
0.15197205543518066	0.0
0.10062617063522339	0.0
0.22984154522418976	0.0
0.03666742891073227	0.0
0.2309904843568802	1.0
0.23106928169727325	1.0
0.044038448482751846	0.0
0.051412418484687805	0.0
0.23106928169727325	1.0
0.0013826920185238123	0.0
0.06040605530142784	1.0
0.05553985387086868	0.0
0.14267900586128235	0.0
0.11992708593606949	0.0
0.010721791535615921	0.0
0.062419719994068146	0.0
0.15465563535690308	0.0
0.22796200215816498	1.0
0.058119602501392365	0.0
0.22609177231788635	1.0
0.012134850956499577	0.0
0.22974778711795807	0.0
0.09644754230976105	0.0
0.035605501383543015	0.0
0.0800047516822815	0.0
0.22996321320533752	0.0
0.009703315794467926	0.0
0.022935226559638977	0.0
0.2151687890291214	0.0
0.10996134579181671	0.0
0.0845770537853241	0.0
0.024632630869746208	0.0
0.23106928169727325	1.0
0.05735640972852707	0.0
0.024023398756980896	0.0
0.05006175860762596	0.0
0.23094907402992249	1.0
0.028403112664818764	0.0
0.2110293209552765	0.0
0.023118488490581512	0.0
0.23084941506385803	0.0
0.211256742477417	0.0
0.023122107610106468	0.0
0.09851612895727158	0.0
0.23105239868164062	0.0
0.20643043518066406	0.0
0.03700052574276924	0.0
0.21327735483646393	0.0
0.18769726157188416	0.0
0.23105421662330627	0.0
0.06719762831926346	0.0
0.07667016983032227	0.0
0.16892118752002716	0.0
0.12173983454704285	0.0
0.017518673092126846	0.0
0.05644041672348976	0.0
0.23106928169727325	0.0
0.19748327136039734	0.0
0.23071351647377014	0.0
0.1767183244228363	1.0
0.19040556252002716	0.0
0.009481995366513729	0.0
0.23106928169727325	1.0
0.02143735997378826	0.0
0.013589824549853802	0.0
0.22899167239665985	0.0
0.05924481526017189	0.0
0.15752752125263214	0.0
0.15287050604820251	0.0
0.23106928169727325	1.0
0.01941242627799511	0.0
0.12057074159383774	1.0
0.030879946425557137	0.0
0.01165800355374813	0.0
0.0016950550489127636	0.0
0.23106928169727325	1.0
0.20682543516159058	0.0
0.04189972206950188	0.0
0.025299042463302612	0.0
0.22743113338947296	0.0
0.23106928169727325	1.0
0.028014952316880226	0.0
0.2292911559343338	0.0
0.09194696694612503	0.0
0.03524143993854523	0.0
0.02897750400006771	0.0
0.2253464013338089	0.0
0.013522349298000336	0.0
0.019658872857689857	0.0
0.04077497124671936	0.0
0.02332005277276039	1.0
0.18856382369995117	0.0
0.22614531219005585	0.0
0.12081676721572876	0.0
0.1821673959493637	0.0
0.0748080164194107	0.0
0.15927501022815704	0.0
0.018640227615833282	0.0
0.029535790905356407	0.0
0.08243551105260849	0.0
0.0708938017487526	0.0
0.021191922947764397	0.0
0.16783633828163147	1.0
0.006395770702511072	0.0
0.015111184678971767	0.0
0.13532011210918427	0.0
0.23106928169727325	0.0
0.10113148391246796	0.0
0.015584218315780163	0.0
0.22797170281410217	0.0
0.01572773978114128	0.0
0.036998774856328964	0.0
0.004283043555915356	0.0
0.23106928169727325	1.0
0.04556671530008316	0.0
0.07188090682029724	0.0
0.1191645935177803	0.0
0.05334104225039482	0.0
0.038526225835084915	0.0
0.027431247755885124	0.0
0.01007502805441618	0.0
0.13405920565128326	0.0
0.05708235874772072	0.0
0.0394839309155941	0.0
0.05373052880167961	0.0
0.23106928169727325	1.0
0.23106928169727325	1.0
0.0585661381483078	0.0
0.07413731515407562	1.0
0.012832504697144032	0.0
0.0015377970412373543	0.0
0.030046500265598297	0.0
0.2090718299150467	0.0
0.07220733910799026	0.0
0.23106928169727325	0.0
0.2009027600288391	0.0
0.1132238358259201	0.0
0.23106928169727325	1.0
0.17936143279075623	0.0
0.046093929558992386	0.0
0.03033314272761345	1.0
0.057839639484882355	0.0
0.15430320799350739	0.0
0.11831708997488022	0.0
0.009175698272883892	0.0
0.07154081761837006	0.0
0.15014305710792542	0.0
0.08539944142103195	0.0
0.19214431941509247	0.0
0.007896353490650654	0.0
0.009102929383516312	0.0
0.13728278875350952	1.0
0.02211674489080906	0.0
0.23106928169727325	0.0
0.0051460568793118	0.0
0.005397760774940252	0.0
0.04334830492734909	0.0
0.21413542330265045	1.0
0.1581103801727295	0.0
0.019475337117910385	0.0
0.22049516439437866	0.0
0.06933306157588959	0.0
0.06173071637749672	0.0
0.0014905758434906602	0.0
0.015190348029136658	0.0
0.11760206520557404	0.0
0.020364491268992424	0.0
0.06910008937120438	0.0
0.2199443280696869	0.0
0.005506361834704876	0.0
0.024214809760451317	0.0
0.014113832265138626	0.0
0.08814799040555954	0.0
0.23106928169727325	1.0
0.13844412565231323	1.0
0.04834216460585594	1.0
0.11392777413129807	0.0
0.07095256447792053	0.0
0.026577960699796677	0.0
0.053935300558805466	0.0
0.01650257222354412	0.0
0.005592062138020992	0.0
0.0942264050245285	0.0
0.003361581126227975	0.0
0.08736992627382278	0.0
0.08369453251361847	1.0
0.16503410041332245	0.0
0.06572780013084412	0.0
0.23106928169727325	0.0
0.23106928169727325	1.0
0.1805540919303894	0.0
0.0948297381401062	0.0
0.07769884169101715	0.0
0.18682162463665009	0.0
0.14640741050243378	0.0
0.007535784970968962	0.0
0.23106928169727325	0.0
0.03451521322131157	0.0
0.01897749863564968	0.0
0.007571097929030657	0.0
0.03366713970899582	0.0
0.23106928169727325	0.0
0.030922429636120796	0.0
0.0747322142124176	0.0
0.0027727356646209955	0.0
0.032716672867536545	0.0
0.23106928169727325	0.0
0.23106928169727325	0.0
0.10980506241321564	0.0
0.009243386797606945	0.0
0.022095240652561188	0.0
0.07475191354751587	0.0
0.053420037031173706	0.0
0.06112018972635269	0.0
0.2289082407951355	0.0
0.007420673966407776	0.0
0.23106928169727325	0.0
0.12488848716020584	0.0
0.10724470764398575	0.0
0.04283621907234192	0.0
0.04373203217983246	0.0
0.009592358022928238	0.0
0.004566354211419821	0.0
0.10627015680074692	1.0
0.2061300277709961	0.0
0.23106928169727325	0.0
0.05957634001970291	0.0
0.2251380831003189	0.0
0.23106928169727325	0.0
0.03126727044582367	0.0
0.19777560234069824	0.0
0.005807485431432724	0.0
0.015027306973934174	0.0
0.009685251861810684	0.0
0.20113560557365417	0.0
0.08787747472524643	0.0
0.17640554904937744	0.0
0.05771276727318764	0.0
0.0749848261475563	0.0
0.04206236079335213	0.0
0.22882050275802612	0.0
0.08488468080759048	0.0
0.12174913287162781	0.0
0.015502053312957287	0.0
0.06971166282892227	0.0
0.15276700258255005	0.0
0.1545780748128891	0.0
0.014997000806033611	0.0
0.010616378858685493	0.0
0.0005538476398214698	0.0
0.20580659806728363	1.0
0.0004048664995934814	0.0
0.23057332634925842	0.0
0.09714240580797195	0.0
0.22708305716514587	0.0
0.16760724782943726	0.0
0.008696976117789745	0.0
0.22938209772109985	1.0
0.23106928169727325	1.0
0.20493733882904053	1.0
0.03877111151814461	0.0
0.23106928169727325	1.0
0.03619607537984848	0.0
0.2179073840379715	1.0
0.09742959588766098	0.0
0.017631806433200836	0.0
0.23106928169727325	0.0
0.06654229015111923	0.0
0.22804485261440277	1.0
0.2150227278470993	0.0
0.04889874532818794	0.0
0.17796897888183594	0.0
0.003941327333450317	0.0
0.23084154725074768	0.0
0.02870003879070282	0.0
0.23076221346855164	0.0
0.23106928169727325	0.0
0.015361244790256023	0.0
0.00635222252458334	0.0
0.08289476484060287	0.0
0.23106928169727325	0.0
0.22840075194835663	0.0
0.12838363647460938	0.0
0.2156967669725418	1.0
0.0362255834043026	0.0
0.18966390192508698	0.0
0.016497496515512466	0.0
0.005387443583458662	0.0
0.06990623474121094	0.0
0.053313564509153366	0.0
0.020449956879019737	0.0
0.23106928169727325	0.0
0.018349768593907356	0.0
0.03900667652487755	0.0
0.18701905012130737	0.0
0.005037499591708183	0.0
0.23106928169727325	1.0
0.09526414424180984	0.0
0.21471916139125824	1.0
0.17973089218139648	0.0
0.07210216671228409	0.0
0.08495492488145828	0.0
0.017557306215167046	0.0
0.029502468183636665	0.0
0.1221146211028099	0.0
0.121039018034935	0.0
0.06310700625181198	0.0
0.23106928169727325	0.0
0.011316314339637756	0.0
0.18355236947536469	0.0
0.1000756323337555	0.0
0.2020581215620041	0.0
0.030167875811457634	0.0
0.08846323937177658	0.0
0.04526473209261894	0.0
0.01279896404594183	0.0
0.13956214487552643	0.0
0.17351335287094116	1.0
0.08682317286729813	0.0
0.009778758510947227	0.0
0.23106928169727325	1.0
0.23106928169727325	1.0
0.016353055834770203	0.0
0.13636767864227295	0.0
0.01142913568764925	0.0
0.22768090665340424	1.0
0.23106928169727325	0.0
0.23106928169727325	1.0
0.0832611620426178	1.0
0.0935632511973381	0.0
0.23106928169727325	0.0
0.23106928169727325	1.0
0.0175873264670372	0.0
0.22374871373176575	1.0
0.00557622779160738	0.0
0.058299850672483444	0.0
0.020596638321876526	0.0
0.04982341453433037	0.0
0.21085181832313538	0.0
0.026531724259257317	0.0
0.08028657734394073	0.0
0.13187521696090698	0.0
0.06967815011739731	0.0
0.14660070836544037	0.0
0.044570062309503555	0.0
0.030111728236079216	0.0
0.07227471470832825	0.0
0.006238149479031563	0.0
0.015676124021410942	0.0
0.05758495628833771	0.0
0.12935389578342438	0.0
0.010932335630059242	0.0
0.23106928169727325	1.0
0.19176556169986725	0.0
0.19176732003688812	0.0
0.1623465120792389	0.0
0.03494160249829292	0.0
0.17591369152069092	1.0
0.02701134793460369	0.0
0.00804894883185625	0.0
0.23106928169727325	1.0
0.02624087780714035	0.0
0.23106928169727325	0.0
0.1651277244091034	0.0
0.01726386323571205	0.0
0.01368528138846159	0.0
0.23106706142425537	0.0
0.1933908313512802	0.0
0.019257161766290665	0.0
0.0820508524775505	0.0
0.03372817486524582	0.0
0.23106928169727325	1.0
0.2122664451599121	0.0
0.006887177471071482	0.0
0.03380611911416054	0.0
0.07629845291376114	0.0
0.16140708327293396	1.0
0.0014654044061899185	0.0
0.011946015991270542	0.0
0.23106928169727325	0.0
0.038221705704927444	0.0
0.17611567676067352	0.0
0.08950378745794296	0.0
0.037770286202430725	0.0
0.0060042161494493484	0.0
0.04134951904416084	0.0
0.09689456224441528	0.0
0.23106928169727325	0.0
0.040248431265354156	0.0
0.20538680255413055	0.0
0.002106816740706563	0.0
0.012490587309002876	0.0
0.13642407953739166	0.0
0.00877389870584011	0.0
0.006278431974351406	0.0
0.0494663342833519	1.0
0.007689328398555517	0.0
0.23044952750205994	0.0
0.08639780431985855	0.0
0.19651390612125397	0.0
0.0020743634086102247	0.0
0.03852545842528343	0.0
0.048328548669815063	0.0
0.22117750346660614	0.0
0.23035085201263428	1.0
0.0035980241373181343	0.0
0.05015295743942261	0.0
0.23099245131015778	0.0
0.050977274775505066	0.0
0.013587281107902527	0.0
0.026528250426054	0.0
0.07126166671514511	0.0
0.05113539099693298	0.0
0.016172368079423904	0.0
0.0065680318512022495	0.0
0.23106928169727325	0.0
0.04158160090446472	0.0
0.008294830098748207	0.0
0.23106928169727325	0.0
0.061289094388484955	0.0
0.049898650497198105	0.0
0.2286326289176941	0.0
0.22803840041160583	1.0
0.07653213292360306	0.0
0.08580625802278519	1.0
0.21623507142066956	0.0
0.050688404589891434	0.0
0.17984354496002197	1.0
0.23106928169727325	0.0
0.011139695532619953	0.0
0.22192662954330444	0.0
0.010245815850794315	0.0
0.2300216555595398	0.0
0.018465448170900345	0.0
0.09699690341949463	0.0
0.02976515330374241	0.0
0.08375269919633865	0.0
0.1402474343776703	0.0
0.19955898821353912	0.0
0.19045205414295197	0.0
0.022381125018000603	0.0
0.23106928169727325	1.0
0.21290472149848938	0.0
0.004485030192881823	0.0
0.19805730879306793	1.0
0.22623194754123688	0.0
0.029375625774264336	0.0
0.003195463214069605	0.0
0.055030811578035355	0.0
0.02569502964615822	0.0
0.015179409645497799	0.0
0.22874709963798523	0.0
0.13658294081687927	0.0
0.10372990369796753	1.0
0.15019285678863525	0.0
0.013771964237093925	0.0
0.07464669644832611	1.0
0.01768384873867035	0.0
0.12979094684123993	0.0
0.2108592391014099	0.0
0.0034969868138432503	0.0
0.20778267085552216	1.0
0.02995292656123638	0.0
0.23106928169727325	1.0
0.1763722002506256	1.0
0.2033531367778778	0.0
0.23106928169727325	1.0
0.0068726311437785625	0.0
0.07977047562599182	0.0
0.10128103941679001	1.0
0.03385062888264656	0.0
0.023602910339832306	0.0
0.23106928169727325	0.0
0.04381990432739258	0.0
0.04177740961313248	0.0
0.0415223129093647	0.0
0.09738116711378098	0.0
0.008030698634684086	0.0
0.03563142940402031	0.0
0.021191678941249847	0.0
0.21468612551689148	0.0
0.19887173175811768	1.0
0.11317882686853409	0.0
0.05484719201922417	0.0
0.17538905143737793	0.0
0.010104208253324032	0.0
0.07131946086883545	0.0
0.10348279029130936	0.0
0.1466602236032486	0.0
0.2309529334306717	0.0
0.09376253187656403	0.0
0.013228173367679119	0.0
0.11794903129339218	0.0
0.23106928169727325	0.0
0.02010340429842472	0.0
0.017619501799345016	0.0
0.03261934593319893	0.0
0.17459799349308014	1.0
0.060028836131095886	0.0
0.21789133548736572	0.0
0.01773511990904808	0.0
0.0890854150056839	0.0
0.028072478249669075	0.0
0.06884121894836426	1.0
0.009085248224437237	0.0
0.011724205687642097	0.0
0.23003436625003815	1.0
0.04757700115442276	0.0
0.11719853430986404	1.0
0.18668609857559204	0.0
0.2009681761264801	0.0
0.06470617651939392	0.0
0.007056190632283688	0.0
0.08255865424871445	0.0
0.2101110965013504	0.0
0.13339173793792725	0.0
0.22065231204032898	0.0
0.02637794241309166	0.0
0.01173306629061699	0.0
0.0060849436558783054	0.0
0.23106928169727325	0.0
0.23106928169727325	1.0
0.0209882240742445	0.0
0.23106928169727325	0.0
0.04311482608318329	0.0
0.23106923699378967	0.0
0.22886227071285248	0.0
0.05456382781267166	0.0
0.23106928169727325	1.0
0.23106928169727325	0.0
0.23106928169727325	0.0
0.0018299974035471678	0.0
0.11038018763065338	0.0
0.07694554328918457	0.0
0.22714059054851532	1.0
0.2293861359357834	0.0
0.0196536835283041	0.0
0.20611454546451569	0.0
0.21666835248470306	0.0
0.00511987553909421	0.0
0.0028882401529699564	0.0
0.002498084446415305	0.0
0.07982350140810013	0.0
0.12481746077537537	0.0
0.1978740096092224	0.0
0.01688769832253456	0.0
0.011999953538179398	0.0
0.18273887038230896	0.0
0.030224600806832314	0.0
0.0008281493792310357	0.0
0.16055868566036224	0.0
0.23106928169727325	0.0
0.23106928169727325	0.0
0.08196689933538437	0.0
0.23106928169727325	1.0
0.1303362399339676	0.0
0.003604142228141427	0.0
0.06294739991426468	0.0
0.06143643707036972	1.0
0.23017646372318268	0.0
0.20204010605812073	0.0
0.024047361686825752	0.0
0.05307614430785179	0.0
0.06625571101903915	0.0
0.02617858164012432	0.0
0.09799187630414963	0.0
0.16483405232429504	0.0
0.17978017032146454	1.0
0.002354287775233388	0.0
0.03134189918637276	0.0
0.05058680847287178	0.0
0.005876344628632069	0.0
0.01012423075735569	0.0
0.06751065701246262	1.0
0.06576219946146011	0.0
0.028721826151013374	0.0
0.011103959754109383	0.0
0.17127005755901337	1.0
0.048888321965932846	0.0
0.042667876929044724	0.0
0.08671548217535019	0.0
0.18997935950756073	0.0
0.03216228261590004	0.0
0.034764036536216736	0.0
0.23106928169727325	0.0
0.14707955718040466	1.0
0.028594927862286568	0.0
0.0009713961044326425	0.0
0.005225724540650845	0.0
0.23104071617126465	1.0
0.22623462975025177	1.0
0.018712423741817474	0.0
0.06588821113109589	0.0
0.12155142426490784	0.0
0.08182759582996368	0.0
0.015377848409116268	0.0
0.1948843151330948	1.0
0.053080979734659195	0.0
0.22940495610237122	0.0
0.05292612686753273	0.0
0.08288661390542984	0.0
0.12781338393688202	0.0
0.03114764578640461	0.0
0.09802365303039551	0.0
0.09845321625471115	0.0
0.10100364685058594	1.0
0.047113120555877686	0.0
0.07705593854188919	0.0
0.0018539364682510495	0.0
0.1927891969680786	1.0
0.18751947581768036	0.0
0.23106928169727325	1.0
0.14458444714546204	0.0
0.01101007591933012	0.0
0.2310379445552826	0.0
0.028520306572318077	0.0
0.013883257284760475	0.0
0.09828893095254898	0.0
0.018780440092086792	0.0
0.033475931733846664	0.0
0.23106928169727325	1.0
0.20659379661083221	1.0
0.023321589455008507	0.0
0.056156858801841736	0.0
0.23106928169727325	0.0
0.23106928169727325	1.0
0.23106928169727325	1.0
0.013034934177994728	0.0
0.014638994820415974	0.0
0.23106928169727325	0.0
0.20241166651248932	0.0
0.045924991369247437	0.0
0.18197129666805267	0.0
0.05507870391011238	0.0
0.04769371077418327	0.0
0.10921474546194077	0.0
0.014440507628023624	0.0
0.09027499705553055	0.0
0.03940292075276375	0.0
0.23098695278167725	0.0
0.06236439570784569	0.0
0.17631147801876068	1.0
0.008124608546495438	0.0
0.011078919284045696	0.0
0.0029192925430834293	0.0
0.18175265192985535	1.0
0.008177732117474079	0.0
0.16251033544540405	0.0
0.03911352530121803	0.0
0.07900813221931458	1.0
0.12782062590122223	0.0
0.21801190078258514	0.0
0.005847665015608072	0.0
0.23106928169727325	1.0
0.10924703627824783	1.0
0.05638067424297333	1.0
0.07419891655445099	0.0
0.048599179834127426	0.0
0.23106928169727325	1.0
0.019346212968230247	0.0
0.08433599770069122	0.0
0.034917768090963364	0.0
0.1724810004234314	0.0
0.021479442715644836	1.0
0.02740895375609398	0.0
0.23103517293930054	1.0
0.17460809648036957	0.0
0.01942165568470955	0.0
0.08794189244508743	0.0
0.0291804950684309	0.0
0.19368736445903778	0.0
0.20425529778003693	0.0
0.22998109459877014	0.0
0.005853012204170227	0.0
0.022781390696763992	0.0
0.23086032271385193	0.0
0.21701066195964813	1.0
0.21210958063602448	0.0
0.03876208886504173	0.0
0.006447259336709976	0.0
0.011100463569164276	0.0
0.061302997171878815	0.0
0.006111907307058573	0.0
0.047581691294908524	0.0
0.009484807960689068	0.0
0.0016754661919549108	0.0
0.17940382659435272	0.0
0.01433686912059784	0.0
0.029601912945508957	0.0
0.046501122415065765	0.0
0.05961175262928009	0.0
0.011872835457324982	0.0
0.013337358832359314	0.0
0.010586419142782688	0.0
0.023022519424557686	0.0
0.22248567640781403	1.0
0.23090502619743347	0.0
0.1316228210926056	0.0
0.16298028826713562	0.0
0.0011050669709220529	0.0
0.07634491473436356	1.0
0.03600968047976494	0.0
0.009302068501710892	0.0
0.21710991859436035	1.0
0.06875897943973541	0.0
0.0577571839094162	0.0
0.0071660373359918594	0.0
0.0339689701795578	0.0
0.007150137331336737	0.0
0.08342228829860687	0.0
0.22735163569450378	0.0
0.07718853652477264	0.0
0.08274730294942856	0.0
0.027874523773789406	0.0
0.15448488295078278	0.0
0.16598547995090485	0.0
0.047151923179626465	0.0
0.10010924190282822	0.0
0.2212715446949005	0.0
0.19456778466701508	0.0
0.035701002925634384	0.0
0.047762397676706314	0.0
0.23106928169727325	0.0
0.12260220944881439	0.0
0.22844134271144867	1.0
0.22919167578220367	1.0
0.19417314231395721	1.0
0.047902051359415054	0.0
0.027751728892326355	0.0
0.09336062520742416	0.0
0.04946501553058624	0.0
0.1759176254272461	1.0
0.113793283700943	0.0
0.03343816101551056	0.0
0.020282771438360214	0.0
0.035882510244846344	0.0
0.0009212895529344678	0.0
0.01140522863715887	0.0
0.04101649299263954	0.0
0.1722300499677658	0.0
0.02912750653922558	0.0
0.11514954268932343	0.0
0.010668352246284485	0.0
0.22124390304088593	0.0
0.0022843501064926386	0.0
0.008493101224303246	0.0
0.028935106471180916	0.0
0.13860026001930237	0.0
0.02917168289422989	0.0
0.23106928169727325	0.0
0.015471547842025757	0.0
0.23071415722370148	0.0
0.0461382232606411	0.0
0.11939428746700287	0.0
0.22407610714435577	0.0
0.23099285364151	0.0
0.04091368615627289	0.0
0.04181605577468872	0.0
0.15648579597473145	0.0
0.14235126972198486	0.0
0.08718273788690567	0.0
0.001954511273652315	0.0
0.03803031146526337	0.0
0.06701476871967316	0.0
0.18390405178070068	0.0
0.22092311084270477	0.0
0.23106928169727325	0.0
0.19603542983531952	0.0
0.0015362794511020184	0.0
0.10857322812080383	0.0
0.1763150691986084	0.0
0.03837984800338745	0.0
0.1517038196325302	0.0
0.1434982568025589	0.0
0.07553330808877945	0.0
0.22904959321022034	0.0
0.003812324022874236	0.0
0.0026737104635685682	0.0
0.006283104885369539	0.0
0.07924801856279373	0.0
0.08410358428955078	0.0
0.23106566071510315	0.0
0.022913657128810883	0.0
0.1432187855243683	0.0
0.1748906373977661	0.0
0.16265401244163513	0.0
0.023037699982523918	0.0
0.23106928169727325	1.0
0.21841369569301605	0.0
0.009486882016062737	0.0
0.16013595461845398	0.0
0.01436059270054102	0.0
0.1693360060453415	0.0
0.13816653192043304	0.0
0.10276610404253006	0.0
0.02155292220413685	0.0
0.16327069699764252	0.0
0.06632876396179199	0.0
0.003397072432562709	0.0
0.14104171097278595	1.0
0.04103691503405571	0.0
0.2225964516401291	0.0
0.13074646890163422	0.0
0.23106928169727325	1.0
0.03717584162950516	0.0
0.1998445987701416	0.0
0.012036755681037903	0.0
0.08053861558437347	1.0
0.11167863756418228	1.0
0.20305491983890533	1.0
0.022954178974032402	0.0
0.021650761365890503	0.0
0.2274748980998993	1.0
0.003102224785834551	0.0
0.011894414201378822	0.0
0.14136184751987457	0.0
0.14113572239875793	0.0
0.013032419607043266	0.0
0.010340710170567036	0.0
0.046392589807510376	0.0
0.005997293628752232	0.0
0.008922187611460686	0.0
0.022359684109687805	0.0
0.23106928169727325	1.0
0.09655286371707916	0.0
0.23106928169727325	0.0
0.049622539430856705	0.0
0.1550716608762741	0.0
0.007858848199248314	0.0
0.04715009406208992	0.0
0.037681739777326584	0.0
0.21850144863128662	0.0
0.08332281559705734	0.0
0.2199755609035492	0.0
0.10100152343511581	0.0
0.08091484755277634	1.0
0.026288315653800964	0.0
0.023772824555635452	0.0
0.23106928169727325	0.0
0.13785167038440704	0.0
0.01880120299756527	0.0
0.14516954123973846	0.0
0.09278590977191925	0.0
0.02004687860608101	0.0
0.018515687435865402	0.0
0.040514927357435226	0.0
0.08846902847290039	0.0
0.0038150884211063385	0.0
0.11219120025634766	0.0
0.08527339994907379	0.0
0.22248701751232147	0.0
0.013544293120503426	0.0
0.10953321307897568	0.0
0.015860671177506447	0.0
0.12527048587799072	0.0
0.08860740065574646	0.0
0.0008717174059711397	0.0
0.08596547693014145	0.0
0.23106928169727325	1.0
0.22979825735092163	1.0
0.23048904538154602	1.0
0.16871730983257294	0.0
0.02469169907271862	0.0
0.09866499900817871	1.0
0.0013530264841392636	0.0
0.2309618890285492	0.0
0.1930699646472931	1.0
0.12368961423635483	0.0
0.00018515704141464084	0.0
0.004727534018456936	0.0
0.0876203402876854	0.0
0.027562938630580902	0.0
0.04566727578639984	0.0
0.14448228478431702	1.0
0.049842189997434616	0.0
0.011437748558819294	0.0
0.23078133165836334	0.0
0.03710263967514038	0.0
0.011431021615862846	0.0
0.07156633585691452	0.0
0.23101727664470673	0.0
0.01527311373502016	0.0
0.1895975023508072	0.0
0.09717875719070435	0.0
0.07793820649385452	0.0
0.2283933013677597	0.0
0.027264006435871124	0.0
0.08541746437549591	0.0
0.007500879932194948	0.0
0.007523039355874062	0.0
0.005789636634290218	0.0
0.13059058785438538	0.0
0.14795485138893127	1.0
0.06285180896520615	0.0
0.10172724723815918	0.0
0.006722893100231886	0.0
0.0468321219086647	0.0
0.018139811232686043	0.0
0.06700287759304047	0.0
0.22981278598308563	1.0
0.05211490020155907	0.0
0.0333530530333519	0.0
0.23106928169727325	1.0
0.04306412488222122	0.0
0.005491937976330519	0.0
0.039061542600393295	0.0
0.008752505294978619	0.0
0.026980416849255562	0.0
0.003761849133297801	0.0
0.19900690019130707	0.0
0.07541283220052719	0.0
0.005521823652088642	0.0
0.008529259823262691	0.0
0.1223067045211792	0.0
0.035523585975170135	0.0
0.0020642741583287716	0.0
0.17573441565036774	0.0
0.01496908999979496	0.0
0.23106928169727325	1.0
0.00553242489695549	0.0
0.15456975996494293	0.0
0.22749488055706024	1.0
0.036245040595531464	0.0
0.23096863925457	1.0
0.007578765042126179	0.0
0.01640434004366398	0.0
0.016164857894182205	1.0
0.23106928169727325	1.0
0.02292584627866745	0.0
0.14598681032657623	0.0
0.004233633633702993	0.0
0.010372716933488846	0.0
0.13935478031635284	0.0
0.23106928169727325	0.0
0.01905498467385769	0.0
0.06726524978876114	0.0
0.2296871691942215	0.0
0.020848339423537254	0.0
0.041757334023714066	0.0
0.22078393399715424	1.0
0.16158196330070496	0.0
0.08479395508766174	0.0
0.08520547300577164	0.0
0.01923264004290104	0.0
0.1720648854970932	0.0
0.029508424922823906	0.0
0.208183154463768	1.0
0.2302318960428238	0.0
0.23102356493473053	0.0
0.04062477871775627	0.0
0.23106928169727325	0.0
0.013350988738238811	0.0
0.04065797105431557	0.0
0.21506237983703613	1.0
0.23106928169727325	0.0
0.16761451959609985	0.0
0.0039738379418849945	0.0
0.027156759053468704	0.0
0.009204627946019173	0.0
0.007606963627040386	0.0
0.01888073980808258	0.0
0.016612205654382706	0.0
0.231017604470253	0.0
0.0003754697390832007	0.0
0.22938205301761627	0.0
0.22710725665092468	0.0
0.13441906869411469	0.0
0.0007125078118406236	0.0
0.1455005705356598	0.0
0.020360125228762627	0.0
0.14850127696990967	0.0
0.0022161840461194515	0.0
0.23106928169727325	1.0
0.11843951046466827	0.0
0.01591593399643898	0.0
0.23106928169727325	1.0
0.11396633833646774	0.0
0.03733044117689133	0.0
0.23106928169727325	1.0
0.19784729182720184	0.0
0.1595943570137024	0.0
0.008632279001176357	0.0
0.13228249549865723	0.0
0.23077577352523804	0.0
0.23048283159732819	1.0
0.006176559254527092	0.0
0.23106928169727325	1.0
0.042703863233327866	0.0
0.009495830163359642	0.0
0.23106928169727325	0.0
0.10733713954687119	0.0
0.23106928169727325	0.0
0.23102135956287384	0.0
0.009014450013637543	0.0
0.22658832371234894	0.0
0.012212400324642658	0.0
0.15327122807502747	0.0
0.23106928169727325	1.0
0.007328378967940807	1.0
0.038021765649318695	1.0
0.18210604786872864	0.0
0.07390955835580826	0.0
0.22050487995147705	1.0
0.08360220491886139	0.0
0.07871793955564499	0.0
0.23106694221496582	1.0
0.0251238401979208	0.0
0.04513169452548027	0.0
0.20213112235069275	0.0
0.23106928169727325	0.0
0.14726896584033966	0.0
0.1189638301730156	0.0
0.004968809429556131	0.0
0.04351573437452316	0.0
0.007200227119028568	0.0
0.020979175344109535	0.0
0.21404878795146942	0.0
0.06547494977712631	0.0
0.05538569763302803	1.0
0.004502387251704931	0.0
0.01747671142220497	0.0
0.22786493599414825	0.0
0.009928409941494465	0.0
0.009135196916759014	0.0
0.12212952226400375	0.0
0.035857491195201874	0.0
0.10786736756563187	0.0
0.02194962091743946	0.0
0.0166329238563776	0.0
0.0009554724674671888	0.0
0.01824789121747017	0.0
0.0031433722469955683	0.0
0.01459641195833683	0.0
0.23030294477939606	0.0
0.0985051617026329	1.0
0.003990318160504103	0.0
0.007297003176063299	0.0
0.13061337172985077	1.0
0.01252587977796793	0.0
0.1916741281747818	0.0
0.1325804442167282	0.0
0.04693087562918663	0.0
0.20945623517036438	1.0
0.22213813662528992	1.0
0.03460662439465523	0.0
0.22980044782161713	0.0
0.23106928169727325	0.0
0.1386595368385315	0.0
0.03131167218089104	1.0
0.04932998865842819	0.0
0.068592369556427	1.0
0.2211039811372757	0.0
0.008472478948533535	0.0
0.014947548508644104	0.0
0.17873124778270721	0.0
0.10870885103940964	0.0
0.08924166113138199	0.0
0.10775789618492126	0.0
0.016870124265551567	0.0
0.03928830847144127	0.0
0.14824128150939941	0.0
0.010115724056959152	0.0
0.22898012399673462	0.0
0.012935892678797245	0.0
0.006044550333172083	0.0
