Sn	Sp	Acc	MCC	<<Cutoff
0	1	0.868049	-nan	1000
0.270903	0.954753	0.864519	0.289911	0.231069
0.270903	0.954245	0.864078	0.28848	0.231069
0.270903	0.953737	0.863636	0.287059	0.231067
0.274247	0.953737	0.864078	0.290559	0.231067
0.274247	0.953228	0.863636	0.289146	0.231066
0.274247	0.95272	0.863195	0.287743	0.231063
0.274247	0.952211	0.862754	0.28635	0.231059
0.277592	0.952211	0.863195	0.289827	0.231058
0.277592	0.951703	0.862754	0.288441	0.231054
0.277592	0.951195	0.862312	0.287065	0.231052
0.277592	0.950686	0.861871	0.285699	0.231052
0.277592	0.950178	0.86143	0.284343	0.231042
0.280936	0.950178	0.861871	0.287793	0.231041
0.280936	0.94967	0.86143	0.286443	0.23104
0.280936	0.949161	0.860989	0.285102	0.231038
0.284281	0.949161	0.86143	0.288533	0.231038
0.287625	0.949161	0.861871	0.291949	0.231035
0.287625	0.948653	0.86143	0.290612	0.231032
0.287625	0.948144	0.860989	0.289284	0.231027
0.287625	0.947636	0.860547	0.287965	0.231024
0.29097	0.947636	0.860989	0.291359	0.231022
0.29097	0.947128	0.860547	0.290046	0.231021
0.29097	0.946619	0.860106	0.288742	0.231019
0.29097	0.946111	0.859665	0.287446	0.231018
0.29097	0.945602	0.859223	0.286158	0.231017
0.29097	0.945094	0.858782	0.284879	0.231006
0.29097	0.944586	0.858341	0.283608	0.231002
0.29097	0.944077	0.857899	0.282345	0.230993
0.29097	0.943569	0.857458	0.281089	0.230992
0.294314	0.943569	0.857899	0.284449	0.23099
0.294314	0.94306	0.857458	0.283199	0.230987
0.297659	0.94306	0.857899	0.286544	0.230986
0.297659	0.942552	0.857458	0.285299	0.230984
0.297659	0.942044	0.857017	0.284062	0.230983
0.297659	0.941535	0.856575	0.282832	0.23097
0.301003	0.941535	0.857017	0.286156	0.230969
0.304348	0.941535	0.857458	0.289467	0.230963
0.304348	0.941027	0.857017	0.28824	0.230962
0.304348	0.940519	0.856575	0.28702	0.230959
0.304348	0.94001	0.856134	0.285808	0.230953
0.304348	0.939502	0.855693	0.284602	0.230951
0.304348	0.938993	0.855252	0.283404	0.230951
0.307692	0.938993	0.855693	0.286691	0.230949
0.307692	0.938485	0.855252	0.285497	0.230923
0.311037	0.938485	0.855693	0.288769	0.230908
0.314381	0.938485	0.856134	0.292029	0.230908
0.314381	0.937977	0.855693	0.290838	0.230905
0.314381	0.937468	0.855252	0.289653	0.230892
0.314381	0.93696	0.85481	0.288475	0.23086
0.314381	0.936451	0.854369	0.287304	0.230849
0.314381	0.935943	0.853928	0.286139	0.230842
0.314381	0.935435	0.853486	0.28498	0.230817
0.314381	0.934926	0.853045	0.283829	0.230795
0.314381	0.934418	0.852604	0.282683	0.230793
0.317726	0.934418	0.853045	0.285913	0.230783
0.317726	0.93391	0.852604	0.284771	0.230781
0.317726	0.933401	0.852162	0.283636	0.230776
0.317726	0.932893	0.851721	0.282507	0.230762
0.317726	0.932384	0.85128	0.281384	0.230714
0.317726	0.931876	0.850838	0.280267	0.230714
0.317726	0.931368	0.850397	0.279156	0.230706
0.317726	0.930859	0.849956	0.278051	0.230681
0.317726	0.930351	0.849515	0.276952	0.23068
0.317726	0.929842	0.849073	0.275858	0.230636
0.32107	0.929842	0.849515	0.279055	0.230621
0.32107	0.929334	0.849073	0.277965	0.230614
0.32107	0.928826	0.848632	0.276881	0.23061
0.32107	0.928317	0.848191	0.275802	0.230573
0.32107	0.927809	0.847749	0.274728	0.230565
0.324415	0.927809	0.848191	0.277906	0.230563
0.324415	0.9273	0.847749	0.276836	0.230544
0.327759	0.9273	0.848191	0.28	0.230489
0.331104	0.9273	0.848632	0.283155	0.230483
0.331104	0.926792	0.848191	0.282086	0.230474
0.331104	0.926284	0.847749	0.281021	0.23045
0.331104	0.925775	0.847308	0.279963	0.230437
0.331104	0.925267	0.846867	0.278909	0.230405
0.331104	0.924759	0.846425	0.277861	0.230385
0.334448	0.924759	0.846867	0.280994	0.230351
0.334448	0.92425	0.846425	0.279949	0.230336
0.334448	0.923742	0.845984	0.278909	0.230334
0.334448	0.923233	0.845543	0.277873	0.23033
0.334448	0.922725	0.845102	0.276843	0.230303
0.334448	0.922217	0.84466	0.275818	0.230276
0.334448	0.921708	0.844219	0.274797	0.23026
0.334448	0.9212	0.843778	0.273781	0.230232
0.334448	0.920691	0.843336	0.272771	0.230176
0.334448	0.920183	0.842895	0.271765	0.230167
0.334448	0.919675	0.842454	0.270763	0.230128
0.337793	0.919675	0.842895	0.273865	0.230034
0.337793	0.919166	0.842454	0.272866	0.230026
0.337793	0.918658	0.842012	0.271872	0.230022
0.341137	0.918658	0.842454	0.27496	0.230018
0.341137	0.918149	0.842012	0.273968	0.229981
0.341137	0.917641	0.841571	0.27298	0.229981
0.341137	0.917133	0.84113	0.271998	0.229967
0.341137	0.916624	0.840688	0.271019	0.229963
0.344482	0.916624	0.84113	0.27409	0.229914
0.344482	0.916116	0.840688	0.273113	0.229842
0.347826	0.916116	0.84113	0.276173	0.229813
0.347826	0.915608	0.840688	0.275199	0.2298
0.351171	0.915608	0.84113	0.278248	0.229798
0.351171	0.915099	0.840688	0.277276	0.229748
0.351171	0.914591	0.840247	0.276309	0.2297
0.351171	0.914082	0.839806	0.275346	0.229687
0.351171	0.913574	0.839365	0.274387	0.229608
0.354515	0.913574	0.839806	0.277419	0.229576
0.35786	0.913574	0.840247	0.280443	0.229559
0.35786	0.913066	0.839806	0.279484	0.22955
0.35786	0.912557	0.839365	0.278529	0.229405
0.35786	0.912049	0.838923	0.277578	0.229386
0.361204	0.912049	0.839365	0.280588	0.229382
0.361204	0.91154	0.838923	0.279639	0.229382
0.364548	0.91154	0.839365	0.282639	0.229355
0.364548	0.911032	0.838923	0.281693	0.229342
0.364548	0.910524	0.838482	0.28075	0.229291
0.367893	0.910524	0.838923	0.283738	0.229192
0.371237	0.910524	0.839365	0.286718	0.229052
0.371237	0.910015	0.838923	0.285776	0.22905
0.371237	0.909507	0.838482	0.284837	0.229014
0.371237	0.908998	0.838041	0.283902	0.228998
0.371237	0.90849	0.837599	0.282972	0.228992
0.371237	0.907982	0.837158	0.282045	0.228982
0.371237	0.907473	0.836717	0.281122	0.22898
0.374582	0.907473	0.837158	0.284083	0.228941
0.374582	0.906965	0.836717	0.283161	0.228908
0.374582	0.906457	0.836275	0.282244	0.228862
0.377926	0.906457	0.836717	0.285194	0.228842
0.377926	0.905948	0.836275	0.284278	0.228824
0.377926	0.90544	0.835834	0.283366	0.228821
0.377926	0.904931	0.835393	0.282458	0.228769
0.377926	0.904423	0.834951	0.281553	0.228752
0.377926	0.903915	0.83451	0.280652	0.228747
0.377926	0.903406	0.834069	0.279754	0.228669
0.377926	0.902898	0.833628	0.27886	0.228633
0.377926	0.902389	0.833186	0.277969	0.228633
0.377926	0.901881	0.832745	0.277082	0.228585
0.377926	0.901373	0.832304	0.276198	0.228577
0.377926	0.900864	0.831862	0.275318	0.228564
0.381271	0.900864	0.832304	0.27824	0.228441
0.381271	0.900356	0.831862	0.277362	0.228401
0.381271	0.899847	0.831421	0.276486	0.228393
0.384615	0.899847	0.831862	0.279398	0.228328
0.384615	0.899339	0.831421	0.278524	0.228274
0.384615	0.898831	0.83098	0.277654	0.228161
0.38796	0.898831	0.831421	0.280555	0.228148
0.38796	0.898322	0.83098	0.279686	0.2281
0.391304	0.898322	0.831421	0.28258	0.228045
0.394649	0.898322	0.831862	0.285466	0.228038
0.394649	0.897814	0.831421	0.284597	0.228038
0.394649	0.897306	0.83098	0.283731	0.227972
0.397993	0.897306	0.831421	0.286607	0.227962
0.397993	0.896797	0.83098	0.285743	0.227902
0.397993	0.896289	0.830538	0.284881	0.227865
0.401338	0.896289	0.83098	0.287748	0.22784
0.401338	0.89578	0.830538	0.286888	0.227825
0.404682	0.89578	0.83098	0.289747	0.227681
0.408027	0.89578	0.831421	0.292599	0.227669
0.408027	0.895272	0.83098	0.291739	0.227574
0.408027	0.894764	0.830538	0.290882	0.227568
0.408027	0.894255	0.830097	0.290028	0.227551
0.411371	0.894255	0.830538	0.29287	0.227495
0.411371	0.893747	0.830097	0.292017	0.227481
0.414716	0.893747	0.830538	0.294851	0.227475
0.414716	0.893238	0.830097	0.294	0.227457
0.414716	0.89273	0.829656	0.293152	0.227431
0.414716	0.892222	0.829214	0.292307	0.227422
0.414716	0.891713	0.828773	0.291465	0.227352
0.414716	0.891205	0.828332	0.290626	0.227313
0.414716	0.890696	0.827891	0.28979	0.227173
0.41806	0.890696	0.828332	0.292608	0.227141
0.41806	0.890188	0.827891	0.291774	0.227107
0.421405	0.890188	0.828332	0.294584	0.227089
0.421405	0.88968	0.827891	0.293751	0.227089
0.421405	0.889171	0.827449	0.29292	0.227083
0.421405	0.888663	0.827008	0.292093	0.226796
0.421405	0.888155	0.826567	0.291268	0.226588
0.424749	0.888155	0.827008	0.294067	0.226235
0.424749	0.887646	0.826567	0.293243	0.226232
0.424749	0.887138	0.826125	0.292423	0.226145
0.428094	0.887138	0.826567	0.295213	0.226092
0.428094	0.886629	0.826125	0.294394	0.226082
0.428094	0.886121	0.825684	0.293577	0.226068
0.428094	0.885613	0.825243	0.292763	0.22586
0.428094	0.885104	0.824801	0.291952	0.225841
0.431438	0.885104	0.825243	0.29473	0.22549
0.431438	0.884596	0.824801	0.29392	0.225346
0.431438	0.884087	0.82436	0.293113	0.225192
0.431438	0.883579	0.823919	0.292308	0.225138
0.434783	0.883579	0.82436	0.295077	0.225115
0.434783	0.883071	0.823919	0.294274	0.224076
0.438127	0.883071	0.82436	0.297036	0.223749
0.438127	0.882562	0.823919	0.296234	0.223541
0.438127	0.882054	0.823477	0.295434	0.223442
0.438127	0.881546	0.823036	0.294637	0.222596
0.438127	0.881037	0.822595	0.293842	0.222487
0.441472	0.881037	0.823036	0.296594	0.222486
0.444816	0.881037	0.823477	0.29934	0.222231
0.448161	0.881037	0.823919	0.30208	0.222171
0.451505	0.881037	0.82436	0.304816	0.222138
0.451505	0.880529	0.823919	0.304018	0.221927
0.451505	0.88002	0.823477	0.303224	0.221272
0.451505	0.879512	0.823036	0.302431	0.221244
0.454849	0.879512	0.823477	0.305158	0.221188
0.454849	0.879004	0.823036	0.304366	0.221178
0.454849	0.878495	0.822595	0.303578	0.221104
0.454849	0.877987	0.822154	0.302791	0.221085
0.454849	0.877478	0.821712	0.302008	0.220923
0.458194	0.877478	0.822154	0.304724	0.220812
0.461538	0.877478	0.822595	0.307435	0.220784
0.461538	0.87697	0.822154	0.306651	0.220652
0.464883	0.87697	0.822595	0.309356	0.220505
0.464883	0.876462	0.822154	0.308574	0.220495
0.464883	0.875953	0.821712	0.307793	0.220226
0.464883	0.875445	0.821271	0.307015	0.22004
0.464883	0.874936	0.82083	0.306239	0.219976
0.464883	0.874428	0.820388	0.305466	0.219944
0.464883	0.87392	0.819947	0.304695	0.219787
0.464883	0.873411	0.819506	0.303927	0.218501
0.464883	0.872903	0.819064	0.30316	0.218414
0.464883	0.872395	0.818623	0.302396	0.218012
0.468227	0.872395	0.819064	0.305085	0.217907
0.468227	0.871886	0.818623	0.304322	0.217891
0.471572	0.871886	0.819064	0.307006	0.217874
0.471572	0.871378	0.818623	0.306244	0.217794
0.474916	0.871378	0.819064	0.308921	0.21711
0.474916	0.870869	0.818623	0.30816	0.217013
0.478261	0.870869	0.819064	0.310832	0.217011
0.481605	0.870869	0.819506	0.313499	0.217008
0.481605	0.870361	0.819064	0.312738	0.216668
0.481605	0.869853	0.818623	0.311979	0.216634
0.481605	0.869344	0.818182	0.311222	0.216235
0.48495	0.869344	0.818623	0.313881	0.215697
0.488294	0.869344	0.819064	0.316536	0.215495
0.488294	0.868836	0.818623	0.315779	0.215493
0.488294	0.868327	0.818182	0.315025	0.215412
0.491639	0.868327	0.818623	0.317673	0.215306
0.491639	0.867819	0.818182	0.316919	0.215169
0.494983	0.867819	0.818623	0.319562	0.215062
0.494983	0.867311	0.818182	0.318809	0.215023
0.494983	0.866802	0.817741	0.318059	0.214866
0.498328	0.866802	0.818182	0.320695	0.214719
0.498328	0.866294	0.817741	0.319946	0.214713
0.498328	0.865785	0.817299	0.319199	0.214686
0.498328	0.865277	0.816858	0.318454	0.214666
0.501672	0.865277	0.817299	0.321082	0.214135
0.501672	0.864769	0.816858	0.320339	0.214049
0.501672	0.86426	0.816417	0.319597	0.213415
0.501672	0.863752	0.815975	0.318857	0.213277
0.505017	0.863752	0.816417	0.321478	0.212938
0.505017	0.863244	0.815975	0.320739	0.212905
0.505017	0.862735	0.815534	0.320003	0.212266
0.505017	0.862227	0.815093	0.319268	0.21211
0.505017	0.861718	0.814651	0.318535	0.211901
0.505017	0.86121	0.81421	0.317804	0.211257
0.505017	0.860702	0.813769	0.317076	0.211051
0.505017	0.860193	0.813327	0.316349	0.211029
0.505017	0.859685	0.812886	0.315624	0.210859
0.505017	0.859176	0.812445	0.314902	0.210852
0.508361	0.859176	0.812886	0.317509	0.210723
0.511706	0.859176	0.813327	0.320113	0.210174
0.511706	0.858668	0.812886	0.31939	0.210111
0.511706	0.85816	0.812445	0.318669	0.210105
0.51505	0.85816	0.812886	0.321267	0.209977
0.51505	0.857651	0.812445	0.320547	0.209483
0.518395	0.857651	0.812886	0.323139	0.209456
0.518395	0.857143	0.812445	0.32242	0.209072
0.521739	0.857143	0.812886	0.325008	0.208953
0.525084	0.857143	0.813327	0.327592	0.208517
0.528428	0.857143	0.813769	0.330172	0.208183
0.531773	0.857143	0.81421	0.332749	0.208072
0.535117	0.857143	0.814651	0.335321	0.207783
0.535117	0.856634	0.81421	0.334599	0.207436
0.535117	0.856126	0.813769	0.333879	0.206825
0.538462	0.856126	0.81421	0.336446	0.206818
0.538462	0.855618	0.813769	0.335727	0.206781
0.538462	0.855109	0.813327	0.33501	0.206627
0.541806	0.855109	0.813769	0.337571	0.206594
0.541806	0.854601	0.813327	0.336855	0.20643
0.541806	0.854093	0.812886	0.336141	0.206379
0.541806	0.853584	0.812445	0.335428	0.20613
0.541806	0.853076	0.812004	0.334717	0.206115
0.545151	0.853076	0.812445	0.337272	0.205807
0.545151	0.852567	0.812004	0.336562	0.205387
0.548495	0.852567	0.812445	0.339112	0.204937
0.551839	0.852567	0.812886	0.341658	0.204716
0.551839	0.852059	0.812445	0.340948	0.204255
0.551839	0.851551	0.812004	0.34024	0.204248
0.551839	0.851042	0.811562	0.339534	0.203985
0.551839	0.850534	0.811121	0.33883	0.203499
0.555184	0.850534	0.811562	0.341369	0.203466
0.555184	0.850025	0.811121	0.340666	0.203353
0.558528	0.850025	0.811562	0.3432	0.203055
0.561873	0.850025	0.812004	0.345732	0.202869
0.561873	0.849517	0.811562	0.345029	0.202561
0.561873	0.849009	0.811121	0.344327	0.202412
0.565217	0.849009	0.811562	0.346853	0.20228
0.565217	0.8485	0.811121	0.346153	0.202131
0.565217	0.847992	0.81068	0.345454	0.202119
0.565217	0.847483	0.810238	0.344757	0.202058
0.565217	0.846975	0.809797	0.344061	0.20204
0.565217	0.846467	0.809356	0.343367	0.201711
0.565217	0.845958	0.808914	0.342675	0.201544
0.565217	0.84545	0.808473	0.341985	0.201539
0.565217	0.844942	0.808032	0.341296	0.201329
0.565217	0.844433	0.80759	0.340609	0.201277
0.565217	0.843925	0.807149	0.339924	0.201136
0.565217	0.843416	0.806708	0.33924	0.200968
0.565217	0.842908	0.806267	0.338558	0.200964
0.565217	0.8424	0.805825	0.337878	0.200962
0.565217	0.841891	0.805384	0.337199	0.200903
0.568562	0.841891	0.805825	0.339711	0.200641
0.568562	0.841383	0.805384	0.339033	0.200177
0.568562	0.840874	0.804943	0.338357	0.199845
0.568562	0.840366	0.804501	0.337682	0.199559
0.568562	0.839858	0.80406	0.337009	0.199007
0.568562	0.839349	0.803619	0.336337	0.198953
0.571906	0.839349	0.80406	0.338842	0.198872
0.571906	0.838841	0.803619	0.338171	0.198419
0.575251	0.838841	0.80406	0.340672	0.198057
0.575251	0.838332	0.803619	0.340002	0.197874
0.575251	0.837824	0.803177	0.339333	0.197847
0.575251	0.837316	0.802736	0.338667	0.197776
0.575251	0.836807	0.802295	0.338001	0.197483
0.575251	0.836299	0.801853	0.337338	0.197312
0.578595	0.836299	0.802295	0.339831	0.197165
0.578595	0.835791	0.801853	0.339168	0.196851
0.578595	0.835282	0.801412	0.338507	0.196828
0.578595	0.834774	0.800971	0.337847	0.196514
0.578595	0.834265	0.80053	0.337189	0.196035
0.578595	0.833757	0.800088	0.336532	0.195416
0.578595	0.833249	0.799647	0.335876	0.195333
0.58194	0.833249	0.800088	0.338362	0.194884
0.58194	0.83274	0.799647	0.337708	0.194875
0.58194	0.832232	0.799206	0.337054	0.194568
0.58194	0.831723	0.798764	0.336403	0.194425
0.58194	0.831215	0.798323	0.335752	0.194317
0.58194	0.830707	0.797882	0.335104	0.194264
0.58194	0.830198	0.79744	0.334456	0.194243
0.585284	0.830198	0.797882	0.336935	0.194173
0.588629	0.830198	0.798323	0.33941	0.194157
0.588629	0.82969	0.797882	0.338763	0.194155
0.591973	0.82969	0.798323	0.341235	0.193833
0.591973	0.829181	0.797882	0.340588	0.193687
0.591973	0.828673	0.79744	0.339943	0.193502
0.591973	0.828165	0.796999	0.339299	0.193391
0.595318	0.828165	0.79744	0.341766	0.19307
0.598662	0.828165	0.797882	0.344231	0.192789
0.598662	0.827656	0.79744	0.343587	0.192775
0.602007	0.827656	0.797882	0.346047	0.192624
0.602007	0.827148	0.79744	0.345404	0.192577
0.605351	0.827148	0.797882	0.347862	0.19232
0.605351	0.82664	0.79744	0.347219	0.192144
0.605351	0.826131	0.796999	0.346578	0.191767
0.605351	0.825623	0.796558	0.345939	0.191766
0.605351	0.825114	0.796117	0.3453	0.191674
0.605351	0.824606	0.795675	0.344664	0.191584
0.605351	0.824098	0.795234	0.344028	0.191417
0.605351	0.823589	0.794793	0.343394	0.190912
0.608696	0.823589	0.795234	0.345844	0.190828
0.61204	0.823589	0.795675	0.348291	0.190748
0.61204	0.823081	0.795234	0.347657	0.190597
0.61204	0.822572	0.794793	0.347024	0.190514
0.61204	0.822064	0.794351	0.346393	0.190452
0.61204	0.821556	0.79391	0.345763	0.190406
0.61204	0.821047	0.793469	0.345134	0.189979
0.61204	0.820539	0.793027	0.344507	0.189951
0.61204	0.820031	0.792586	0.343881	0.189669
0.61204	0.819522	0.792145	0.343256	0.189664
0.61204	0.819014	0.791703	0.342633	0.189598
0.61204	0.818505	0.791262	0.342011	0.189316
0.61204	0.817997	0.790821	0.34139	0.189228
0.615385	0.817997	0.791262	0.343827	0.188877
0.615385	0.817489	0.790821	0.343207	0.188787
0.615385	0.81698	0.79038	0.342588	0.188564
0.615385	0.816472	0.789938	0.34197	0.18844
0.615385	0.815963	0.789497	0.341354	0.188431
0.615385	0.815455	0.789056	0.340739	0.188372
0.615385	0.814947	0.788614	0.340125	0.188272
0.615385	0.814438	0.788173	0.339513	0.187988
0.615385	0.81393	0.787732	0.338901	0.187984
0.615385	0.813421	0.78729	0.338291	0.187697
0.615385	0.812913	0.786849	0.337682	0.187621
0.615385	0.812405	0.786408	0.337075	0.187519
0.615385	0.811896	0.785966	0.336469	0.187407
0.615385	0.811388	0.785525	0.335863	0.187019
0.615385	0.81088	0.785084	0.33526	0.186822
0.615385	0.810371	0.784643	0.334657	0.186686
0.615385	0.809863	0.784201	0.334055	0.186578
0.615385	0.809354	0.78376	0.333455	0.186554
0.615385	0.808846	0.783319	0.332856	0.186013
0.615385	0.808338	0.782877	0.332258	0.185724
0.618729	0.808338	0.783319	0.334681	0.185262
0.622074	0.808338	0.78376	0.337101	0.184203
0.622074	0.807829	0.783319	0.336503	0.18419
0.622074	0.807321	0.782877	0.335906	0.183904
0.625418	0.807321	0.783319	0.338323	0.183748
0.625418	0.806812	0.782877	0.337726	0.18372
0.625418	0.806304	0.782436	0.337131	0.183552
0.625418	0.805796	0.781995	0.336537	0.183433
0.625418	0.805287	0.781553	0.335945	0.183226
0.625418	0.804779	0.781112	0.335353	0.182739
0.625418	0.80427	0.780671	0.334763	0.182696
0.625418	0.803762	0.780229	0.334173	0.182167
0.625418	0.803254	0.779788	0.333585	0.182106
0.628763	0.803254	0.780229	0.335994	0.182045
0.628763	0.802745	0.779788	0.335407	0.181971
0.632107	0.802745	0.780229	0.337813	0.181753
0.632107	0.802237	0.779788	0.337226	0.181571
0.635452	0.802237	0.780229	0.33963	0.181523
0.635452	0.801729	0.779788	0.339043	0.180554
0.635452	0.80122	0.779347	0.338458	0.180528
0.635452	0.800712	0.778906	0.337874	0.179855
0.638796	0.800712	0.779347	0.340273	0.179844
0.64214	0.800712	0.779788	0.342671	0.17978
0.64214	0.800203	0.779347	0.342087	0.179731
0.64214	0.799695	0.778906	0.341503	0.179404
0.64214	0.799187	0.778464	0.340921	0.179361
0.64214	0.798678	0.778023	0.34034	0.178795
0.64214	0.79817	0.777582	0.33976	0.178731
0.64214	0.797661	0.77714	0.339181	0.17815
0.64214	0.797153	0.776699	0.338603	0.177969
0.64214	0.796645	0.776258	0.338027	0.177016
0.645485	0.796645	0.776699	0.340418	0.176862
0.648829	0.796645	0.77714	0.342806	0.176718
0.648829	0.796136	0.776699	0.34223	0.176547
0.648829	0.795628	0.776258	0.341654	0.176406
0.652174	0.795628	0.776699	0.344039	0.176372
0.652174	0.795119	0.776258	0.343464	0.176315
0.655518	0.795119	0.776699	0.345847	0.176311
0.655518	0.794611	0.776258	0.345273	0.176152
0.655518	0.794103	0.775816	0.344699	0.176116
0.658863	0.794103	0.776258	0.347079	0.175918
0.662207	0.794103	0.776699	0.349456	0.175914
0.662207	0.793594	0.776258	0.348883	0.175734
0.662207	0.793086	0.775816	0.34831	0.175389
0.662207	0.792578	0.775375	0.347739	0.175086
0.662207	0.792069	0.774934	0.347169	0.174891
0.665552	0.792069	0.775375	0.349542	0.174888
0.665552	0.791561	0.774934	0.348972	0.17471
0.665552	0.791052	0.774492	0.348404	0.174608
0.668896	0.791052	0.774934	0.350774	0.174598
0.672241	0.791052	0.775375	0.353143	0.174307
0.672241	0.790544	0.774934	0.352574	0.173795
0.672241	0.790036	0.774492	0.352006	0.173727
0.672241	0.789527	0.774051	0.351439	0.17357
0.672241	0.789019	0.77361	0.350874	0.173552
0.675585	0.789019	0.774051	0.353238	0.173513
0.67893	0.789019	0.774492	0.355601	0.172763
0.67893	0.78851	0.774051	0.355035	0.172588
0.67893	0.788002	0.77361	0.354471	0.172561
0.67893	0.787494	0.773169	0.353907	0.172519
0.67893	0.786985	0.772727	0.353345	0.172517
0.67893	0.786477	0.772286	0.352783	0.172481
0.67893	0.785968	0.771845	0.352222	0.172308
0.67893	0.78546	0.771403	0.351663	0.17223
0.67893	0.784952	0.770962	0.351104	0.172065
0.67893	0.784443	0.770521	0.350546	0.171491
0.682274	0.784443	0.770962	0.352903	0.17127
0.682274	0.783935	0.770521	0.352346	0.171198
0.682274	0.783427	0.770079	0.351789	0.17114
0.682274	0.782918	0.769638	0.351234	0.170636
0.682274	0.78241	0.769197	0.35068	0.170263
0.682274	0.781901	0.768756	0.350127	0.170185
0.682274	0.781393	0.768314	0.349574	0.170019
0.682274	0.780885	0.767873	0.349023	0.169771
0.682274	0.780376	0.767432	0.348472	0.169486
0.682274	0.779868	0.76699	0.347923	0.169336
0.682274	0.779359	0.766549	0.347374	0.168921
0.682274	0.778851	0.766108	0.346827	0.168717
0.682274	0.778343	0.765666	0.34628	0.168325
0.682274	0.777834	0.765225	0.345734	0.168168
0.685619	0.777834	0.765666	0.348083	0.167836
0.685619	0.777326	0.765225	0.347538	0.167726
0.688963	0.777326	0.765666	0.349884	0.167713
0.688963	0.776817	0.765225	0.34934	0.167615
0.688963	0.776309	0.764784	0.348796	0.167607
0.688963	0.775801	0.764342	0.348253	0.166959
0.688963	0.775292	0.763901	0.347711	0.166934
0.688963	0.774784	0.76346	0.34717	0.166884
0.692308	0.774784	0.763901	0.349512	0.166244
0.692308	0.774276	0.76346	0.348972	0.165985
0.692308	0.773767	0.763019	0.348432	0.165128
0.692308	0.773259	0.762577	0.347893	0.165034
0.692308	0.77275	0.762136	0.347355	0.164834
0.692308	0.772242	0.761695	0.346818	0.164574
0.692308	0.771734	0.761253	0.346282	0.164154
0.695652	0.771734	0.761695	0.34862	0.164151
0.698997	0.771734	0.762136	0.350957	0.163774
0.698997	0.771225	0.761695	0.350421	0.163313
0.698997	0.770717	0.761253	0.349886	0.163271
0.698997	0.770208	0.760812	0.349351	0.16298
0.698997	0.7697	0.760371	0.348818	0.162748
0.698997	0.769192	0.759929	0.348285	0.162654
0.698997	0.768683	0.759488	0.347753	0.16262
0.698997	0.768175	0.759047	0.347222	0.16251
0.698997	0.767666	0.758605	0.346692	0.162347
0.698997	0.767158	0.758164	0.346163	0.162189
0.698997	0.76665	0.757723	0.345635	0.162019
0.698997	0.766141	0.757282	0.345107	0.16169
0.702341	0.766141	0.757723	0.347438	0.161609
0.702341	0.765633	0.757282	0.346911	0.161582
0.705686	0.765633	0.757723	0.34924	0.161407
0.705686	0.765125	0.757282	0.348713	0.160559
0.705686	0.764616	0.75684	0.348187	0.160136
0.70903	0.764616	0.757282	0.350514	0.160055
0.712375	0.764616	0.757723	0.352838	0.159719
0.712375	0.764108	0.757282	0.352313	0.159594
0.712375	0.763599	0.75684	0.351788	0.159275
0.715719	0.763599	0.757282	0.35411	0.159253
0.719064	0.763599	0.757723	0.356431	0.159217
0.719064	0.763091	0.757282	0.355906	0.159021
0.719064	0.762583	0.75684	0.355383	0.158999
0.719064	0.762074	0.756399	0.354859	0.158679
0.722408	0.762074	0.75684	0.357178	0.1582
0.722408	0.761566	0.756399	0.356655	0.15811
0.722408	0.761057	0.755958	0.356133	0.158102
0.722408	0.760549	0.755516	0.355612	0.157815
0.725753	0.760549	0.755958	0.357928	0.157613
0.725753	0.760041	0.755516	0.357408	0.157528
0.729097	0.760041	0.755958	0.359721	0.157412
0.729097	0.759532	0.755516	0.359201	0.157145
0.729097	0.759024	0.755075	0.358682	0.156684
0.729097	0.758516	0.754634	0.358164	0.156486
0.729097	0.758007	0.754192	0.357646	0.155935
0.729097	0.757499	0.753751	0.357129	0.155118
0.729097	0.75699	0.75331	0.356613	0.155111
0.729097	0.756482	0.752868	0.356098	0.155072
0.732441	0.756482	0.75331	0.358408	0.154964
0.732441	0.755974	0.752868	0.357893	0.154938
0.732441	0.755465	0.752427	0.357379	0.154656
0.732441	0.754957	0.751986	0.356866	0.154623
0.732441	0.754448	0.751545	0.356354	0.154578
0.732441	0.75394	0.751103	0.355842	0.15457
0.732441	0.753432	0.750662	0.355332	0.154485
0.732441	0.752923	0.750221	0.354822	0.154462
0.732441	0.752415	0.749779	0.354312	0.15436
0.732441	0.751906	0.749338	0.353804	0.154303
0.732441	0.751398	0.748897	0.353296	0.154122
0.732441	0.75089	0.748455	0.352789	0.153883
0.732441	0.750381	0.748014	0.352283	0.153653
0.732441	0.749873	0.747573	0.351777	0.15345
0.732441	0.749365	0.747132	0.351273	0.153411
0.732441	0.748856	0.74669	0.350769	0.153271
0.732441	0.748348	0.746249	0.350266	0.153221
0.732441	0.747839	0.745808	0.349763	0.152871
0.732441	0.747331	0.745366	0.349261	0.152767
0.735786	0.747331	0.745808	0.351564	0.152426
0.735786	0.746823	0.745366	0.351063	0.151972
0.735786	0.746314	0.744925	0.350562	0.151704
0.735786	0.745806	0.744484	0.350063	0.151624
0.735786	0.745297	0.744042	0.349564	0.151504
0.735786	0.744789	0.743601	0.349065	0.151434
0.735786	0.744281	0.74316	0.348568	0.15141
0.735786	0.743772	0.742718	0.348071	0.151392
0.73913	0.743772	0.74316	0.35037	0.150669
0.73913	0.743264	0.742718	0.349874	0.150193
0.73913	0.742755	0.742277	0.349378	0.150143
0.73913	0.742247	0.741836	0.348883	0.150022
0.73913	0.741739	0.741395	0.348389	0.149882
0.73913	0.74123	0.740953	0.347895	0.149173
0.73913	0.740722	0.740512	0.347402	0.148501
0.73913	0.740214	0.740071	0.34691	0.148241
0.742475	0.740214	0.740512	0.349206	0.147955
0.742475	0.739705	0.740071	0.348714	0.147269
0.742475	0.739197	0.739629	0.348223	0.147112
0.745819	0.739197	0.740071	0.350517	0.14708
0.745819	0.738688	0.739629	0.350027	0.14706
0.745819	0.73818	0.739188	0.349537	0.146942
0.745819	0.737672	0.738747	0.349047	0.14666
0.745819	0.737163	0.738305	0.348559	0.146601
0.745819	0.736655	0.737864	0.348071	0.146407
0.745819	0.736146	0.737423	0.347584	0.146079
0.745819	0.735638	0.736981	0.347097	0.146047
0.745819	0.73513	0.73654	0.346612	0.145987
0.745819	0.734621	0.736099	0.346126	0.145925
0.745819	0.734113	0.735658	0.345642	0.145521
0.745819	0.733604	0.735216	0.345158	0.145501
0.745819	0.733096	0.734775	0.344675	0.145378
0.745819	0.732588	0.734334	0.344193	0.145188
0.745819	0.732079	0.733892	0.343711	0.14517
0.749164	0.732079	0.734334	0.346	0.144943
0.749164	0.731571	0.733892	0.345519	0.144584
0.752508	0.731571	0.734334	0.347806	0.144482
0.755853	0.731571	0.734775	0.350093	0.144437
0.755853	0.731063	0.734334	0.349611	0.143498
0.759197	0.731063	0.734775	0.351896	0.143301
0.759197	0.730554	0.734334	0.351416	0.14322
0.759197	0.730046	0.733892	0.350935	0.143219
0.759197	0.729537	0.733451	0.350456	0.143183
0.759197	0.729029	0.73301	0.349977	0.142679
0.759197	0.728521	0.732568	0.349499	0.142546
0.759197	0.728012	0.732127	0.349021	0.142516
0.759197	0.727504	0.731686	0.348545	0.142351
0.759197	0.726995	0.731244	0.348068	0.141408
0.759197	0.726487	0.730803	0.347593	0.141362
0.759197	0.725979	0.730362	0.347118	0.14134
0.759197	0.72547	0.729921	0.346644	0.141136
0.762542	0.72547	0.730362	0.348925	0.141042
0.762542	0.724962	0.729921	0.348451	0.140774
0.762542	0.724453	0.729479	0.347978	0.140247
0.762542	0.723945	0.729038	0.347505	0.140188
0.762542	0.723437	0.728597	0.347033	0.140181
0.762542	0.722928	0.728155	0.346562	0.139729
0.762542	0.72242	0.727714	0.346091	0.139665
0.762542	0.721912	0.727273	0.345621	0.139562
0.762542	0.721403	0.726831	0.345151	0.139355
0.762542	0.720895	0.72639	0.344683	0.138897
0.762542	0.720386	0.725949	0.344214	0.13866
0.762542	0.719878	0.725508	0.343747	0.1386
0.765886	0.719878	0.725949	0.346024	0.138444
0.765886	0.71937	0.725508	0.345557	0.138167
0.765886	0.718861	0.725066	0.345091	0.137935
0.765886	0.718353	0.724625	0.344625	0.137852
0.765886	0.717844	0.724184	0.344159	0.137816
0.765886	0.717336	0.723742	0.343694	0.137808
0.765886	0.716828	0.723301	0.34323	0.137285
0.769231	0.716828	0.723742	0.345505	0.137283
0.769231	0.716319	0.723301	0.345042	0.136977
0.769231	0.715811	0.72286	0.344578	0.136899
0.772575	0.715811	0.723301	0.346852	0.136695
0.772575	0.715302	0.72286	0.346389	0.136583
0.772575	0.714794	0.722418	0.345927	0.136424
0.772575	0.714286	0.721977	0.345466	0.136368
0.772575	0.713777	0.721536	0.345005	0.135895
0.772575	0.713269	0.721094	0.344544	0.135519
0.772575	0.712761	0.720653	0.344084	0.13532
0.772575	0.712252	0.720212	0.343625	0.134547
0.772575	0.711744	0.719771	0.343166	0.134419
0.772575	0.711235	0.719329	0.342708	0.134183
0.772575	0.710727	0.718888	0.342251	0.134124
0.772575	0.710219	0.718447	0.341794	0.134059
0.772575	0.70971	0.718005	0.341338	0.133869
0.772575	0.709202	0.717564	0.340882	0.133658
0.772575	0.708693	0.717123	0.340427	0.133392
0.772575	0.708185	0.716681	0.339972	0.13258
0.772575	0.707677	0.71624	0.339518	0.132282
0.772575	0.707168	0.715799	0.339065	0.132022
0.772575	0.70666	0.715357	0.338612	0.131875
0.772575	0.706151	0.714916	0.338159	0.131623
0.77592	0.706151	0.715357	0.340428	0.131578
0.77592	0.705643	0.714916	0.339976	0.131566
0.77592	0.705135	0.714475	0.339525	0.131504
0.77592	0.704626	0.714034	0.339074	0.131359
0.77592	0.704118	0.713592	0.338624	0.130746
0.779264	0.704118	0.714034	0.340891	0.130613
0.779264	0.70361	0.713592	0.340441	0.130591
0.779264	0.703101	0.713151	0.339992	0.130336
0.779264	0.702593	0.71271	0.339543	0.129791
0.779264	0.702084	0.712268	0.339095	0.129438
0.779264	0.701576	0.711827	0.338647	0.129354
0.779264	0.701068	0.711386	0.3382	0.128616
0.779264	0.700559	0.710944	0.337753	0.128442
0.779264	0.700051	0.710503	0.337307	0.128384
0.779264	0.699542	0.710062	0.336862	0.127824
0.779264	0.699034	0.70962	0.336417	0.127821
0.779264	0.698526	0.709179	0.335972	0.127813
0.779264	0.698017	0.708738	0.335528	0.127731
0.779264	0.697509	0.708297	0.335085	0.127499
0.782609	0.697509	0.708738	0.337349	0.127425
0.785953	0.697509	0.709179	0.339613	0.127129
0.785953	0.697001	0.708738	0.33917	0.127057
0.785953	0.696492	0.708297	0.338727	0.126525
0.785953	0.695984	0.707855	0.338285	0.126523
0.785953	0.695475	0.707414	0.337843	0.126492
0.785953	0.694967	0.706973	0.337402	0.126147
0.785953	0.694459	0.706531	0.336961	0.125784
0.785953	0.69395	0.70609	0.336521	0.125712
0.785953	0.693442	0.705649	0.336082	0.12527
0.785953	0.692933	0.705207	0.335643	0.124888
0.785953	0.692425	0.704766	0.335204	0.124817
0.789298	0.692425	0.705207	0.337466	0.124626
0.789298	0.691917	0.704766	0.337027	0.124538
0.789298	0.691408	0.704325	0.33659	0.12369
0.789298	0.6909	0.703883	0.336153	0.123095
0.789298	0.690391	0.703442	0.335716	0.122922
0.789298	0.689883	0.703001	0.33528	0.122602
0.789298	0.689375	0.70256	0.334845	0.122334
0.789298	0.688866	0.702118	0.334409	0.122307
0.789298	0.688358	0.701677	0.333975	0.12229
0.789298	0.68785	0.701236	0.333541	0.12213
0.789298	0.687341	0.700794	0.333107	0.122115
0.789298	0.686833	0.700353	0.332674	0.121749
0.789298	0.686324	0.699912	0.332242	0.12174
0.789298	0.685816	0.69947	0.33181	0.121551
0.789298	0.685308	0.699029	0.331378	0.121039
0.789298	0.684799	0.698588	0.330947	0.120817
0.792642	0.684799	0.699029	0.333205	0.120571
0.792642	0.684291	0.698588	0.332775	0.120253
0.795987	0.684291	0.699029	0.335032	0.12004
0.795987	0.683782	0.698588	0.334602	0.119927
0.795987	0.683274	0.698147	0.334172	0.119818
0.795987	0.682766	0.697705	0.333742	0.119394
0.795987	0.682257	0.697264	0.333314	0.119169
0.795987	0.681749	0.696823	0.332885	0.119165
0.795987	0.68124	0.696381	0.332457	0.119118
0.795987	0.680732	0.69594	0.33203	0.118964
0.795987	0.680224	0.695499	0.331603	0.11844
0.795987	0.679715	0.695057	0.331176	0.118317
0.795987	0.679207	0.694616	0.33075	0.118267
0.795987	0.678699	0.694175	0.330325	0.118256
0.795987	0.67819	0.693733	0.3299	0.118197
0.795987	0.677682	0.693292	0.329475	0.117949
0.795987	0.677173	0.692851	0.329051	0.117602
0.799331	0.677173	0.693292	0.331306	0.117514
0.802676	0.677173	0.693733	0.333561	0.117223
0.80602	0.677173	0.694175	0.335814	0.117199
0.80602	0.676665	0.693733	0.33539	0.117183
0.80602	0.676157	0.693292	0.334967	0.117179
0.809365	0.676157	0.693733	0.33722	0.11703
0.809365	0.675648	0.693292	0.336797	0.116999
0.809365	0.67514	0.692851	0.336374	0.116425
0.809365	0.674631	0.69241	0.335952	0.116385
0.809365	0.674123	0.691968	0.33553	0.116375
0.809365	0.673615	0.691527	0.335109	0.115498
0.809365	0.673106	0.691086	0.334688	0.11515
0.812709	0.673106	0.691527	0.33694	0.11449
0.812709	0.672598	0.691086	0.33652	0.114222
0.812709	0.672089	0.690644	0.3361	0.113966
0.812709	0.671581	0.690203	0.33568	0.113928
0.812709	0.671073	0.689762	0.335261	0.113793
0.812709	0.670564	0.68932	0.334842	0.113749
0.816054	0.670564	0.689762	0.337093	0.113531
0.816054	0.670056	0.68932	0.336675	0.113294
0.816054	0.669548	0.688879	0.336257	0.113224
0.816054	0.669039	0.688438	0.33584	0.113179
0.816054	0.668531	0.687996	0.335423	0.113016
0.816054	0.668022	0.687555	0.335007	0.112686
0.816054	0.667514	0.687114	0.334591	0.112289
0.816054	0.667006	0.686673	0.334175	0.112191
0.819398	0.667006	0.687114	0.336425	0.111679
0.819398	0.666497	0.686673	0.33601	0.111452
0.819398	0.665989	0.686231	0.335595	0.111438
0.819398	0.66548	0.68579	0.335181	0.110875
0.822742	0.66548	0.686231	0.33743	0.110542
0.822742	0.664972	0.68579	0.337016	0.110472
0.822742	0.664464	0.685349	0.336602	0.11039
0.822742	0.663955	0.684907	0.336189	0.11038
0.826087	0.663955	0.685349	0.338437	0.109984
0.826087	0.663447	0.684907	0.338025	0.109961
0.826087	0.662938	0.684466	0.337613	0.109805
0.826087	0.66243	0.684025	0.337201	0.109612
0.826087	0.661922	0.683583	0.33679	0.109533
0.826087	0.661413	0.683142	0.336379	0.109445
0.829431	0.661413	0.683583	0.338626	0.109247
0.829431	0.660905	0.683142	0.338216	0.109215
0.829431	0.660397	0.682701	0.337806	0.108717
0.829431	0.659888	0.682259	0.337396	0.108709
0.829431	0.65938	0.681818	0.336987	0.108705
0.829431	0.658871	0.681377	0.336578	0.108573
0.829431	0.658363	0.680936	0.336169	0.108508
0.829431	0.657855	0.680494	0.335761	0.107867
0.829431	0.657346	0.680053	0.335354	0.107758
0.829431	0.656838	0.679612	0.334947	0.107569
0.829431	0.656329	0.67917	0.33454	0.107514
0.829431	0.655821	0.678729	0.334134	0.107337
0.829431	0.655313	0.678288	0.333728	0.107252
0.829431	0.654804	0.677846	0.333322	0.107245
0.829431	0.654296	0.677405	0.332917	0.107075
0.829431	0.653787	0.676964	0.332513	0.10642
0.832776	0.653787	0.677405	0.334759	0.10627
0.83612	0.653787	0.677846	0.337005	0.10599
0.83612	0.653279	0.677405	0.336601	0.105826
0.83612	0.652771	0.676964	0.336197	0.105594
0.83612	0.652262	0.676523	0.335794	0.105273
0.83612	0.651754	0.676081	0.335391	0.105094
0.83612	0.651246	0.67564	0.334988	0.105015
0.83612	0.650737	0.675199	0.334586	0.104863
0.83612	0.650229	0.674757	0.334184	0.104396
0.83612	0.64972	0.674316	0.333782	0.10437
0.83612	0.649212	0.673875	0.333381	0.103986
0.839465	0.649212	0.674316	0.335627	0.10391
0.842809	0.649212	0.674757	0.337872	0.10373
0.842809	0.648704	0.674316	0.337471	0.103667
0.842809	0.648195	0.673875	0.337071	0.103483
0.842809	0.647687	0.673433	0.336671	0.102799
0.842809	0.647178	0.672992	0.336272	0.102766
0.842809	0.64667	0.672551	0.335873	0.102443
0.842809	0.646162	0.672109	0.335474	0.101902
0.842809	0.645653	0.671668	0.335076	0.101727
0.842809	0.645145	0.671227	0.334678	0.101468
0.846154	0.645145	0.671668	0.336923	0.101281
0.846154	0.644637	0.671227	0.336525	0.101225
0.846154	0.644128	0.670786	0.336128	0.101131
0.846154	0.64362	0.670344	0.335731	0.101023
0.849498	0.64362	0.670786	0.337976	0.101004
0.849498	0.643111	0.670344	0.33758	0.101002
0.849498	0.642603	0.669903	0.337184	0.100626
0.849498	0.642095	0.669462	0.336788	0.100321
0.849498	0.641586	0.66902	0.336393	0.100266
0.849498	0.641078	0.668579	0.335998	0.100243
0.849498	0.640569	0.668138	0.335604	0.100109
0.849498	0.640061	0.667696	0.33521	0.100076
0.849498	0.639553	0.667255	0.334816	0.0997016
0.849498	0.639044	0.666814	0.334423	0.0991928
0.849498	0.638536	0.666372	0.33403	0.0986663
0.852843	0.638536	0.666814	0.336274	0.098665
0.852843	0.638027	0.666372	0.335882	0.0985161
0.856187	0.638027	0.666814	0.338126	0.0985052
0.856187	0.637519	0.666372	0.337734	0.0984532
0.859532	0.637519	0.666814	0.339978	0.0984151
0.859532	0.637011	0.666372	0.339586	0.0982889
0.859532	0.636502	0.665931	0.339195	0.0981558
0.859532	0.635994	0.66549	0.338804	0.0980237
0.859532	0.635486	0.665049	0.338413	0.0979919
0.859532	0.634977	0.664607	0.338023	0.0977909
0.859532	0.634469	0.664166	0.337633	0.0977902
0.859532	0.63396	0.663725	0.337244	0.0976494
0.859532	0.633452	0.663283	0.336855	0.0975512
0.859532	0.632944	0.662842	0.336466	0.0975323
0.859532	0.632435	0.662401	0.336078	0.0974296
0.859532	0.631927	0.661959	0.33569	0.0973812
0.859532	0.631418	0.661518	0.335303	0.0971959
0.859532	0.63091	0.661077	0.334915	0.0971788
0.859532	0.630402	0.660635	0.334529	0.0971424
0.859532	0.629893	0.660194	0.334142	0.0970256
0.859532	0.629385	0.659753	0.333756	0.0969969
0.859532	0.628876	0.659312	0.33337	0.0968946
0.859532	0.628368	0.65887	0.332985	0.0968797
0.862876	0.628368	0.659312	0.335229	0.0968127
0.862876	0.62786	0.65887	0.334844	0.0965529
0.862876	0.627351	0.658429	0.33446	0.0964475
0.866221	0.627351	0.65887	0.336704	0.096438
0.866221	0.626843	0.658429	0.336319	0.0964091
0.866221	0.626335	0.657988	0.335936	0.0963892
0.866221	0.625826	0.657546	0.335552	0.0963433
0.866221	0.625318	0.657105	0.335169	0.0955704
0.866221	0.624809	0.656664	0.334786	0.0953265
0.866221	0.624301	0.656222	0.334404	0.0952641
0.866221	0.623793	0.655781	0.334022	0.0948297
0.866221	0.623284	0.65534	0.33364	0.0946636
0.866221	0.622776	0.654898	0.333259	0.0946547
0.866221	0.622267	0.654457	0.332877	0.094644
0.866221	0.621759	0.654016	0.332497	0.0942722
0.866221	0.621251	0.653575	0.332116	0.0942264
0.866221	0.620742	0.653133	0.331736	0.0941084
0.866221	0.620234	0.652692	0.331357	0.0938549
0.866221	0.619725	0.652251	0.330977	0.0937625
0.866221	0.619217	0.651809	0.330598	0.0936735
0.866221	0.618709	0.651368	0.33022	0.0935633
0.866221	0.6182	0.650927	0.329841	0.0935547
0.866221	0.617692	0.650485	0.329464	0.0934014
0.866221	0.617184	0.650044	0.329086	0.0933606
0.866221	0.616675	0.649603	0.328709	0.0930021
0.866221	0.616167	0.649162	0.328332	0.0928913
0.866221	0.615658	0.64872	0.327955	0.0927859
0.866221	0.61515	0.648279	0.327579	0.0925712
0.866221	0.614642	0.647838	0.327203	0.0925474
0.866221	0.614133	0.647396	0.326827	0.0921158
0.866221	0.613625	0.646955	0.326452	0.0920332
0.866221	0.613116	0.646514	0.326077	0.091947
0.866221	0.612608	0.646072	0.325702	0.0913922
0.866221	0.6121	0.645631	0.325328	0.0913018
0.866221	0.611591	0.64519	0.324954	0.0909232
0.866221	0.611083	0.644748	0.32458	0.0905334
0.866221	0.610574	0.644307	0.324207	0.090418
0.869565	0.610574	0.644748	0.326453	0.0902855
0.869565	0.610066	0.644307	0.32608	0.090275
0.869565	0.609558	0.643866	0.325708	0.0896508
0.869565	0.609049	0.643425	0.325335	0.0895562
0.87291	0.609049	0.643866	0.327582	0.0895244
0.87291	0.608541	0.643425	0.32721	0.0895038
0.87291	0.608033	0.642983	0.326839	0.0892417
0.87291	0.607524	0.642542	0.326467	0.0890854
0.87291	0.607016	0.642101	0.326096	0.0888441
0.876254	0.607016	0.642542	0.328343	0.0887783
0.876254	0.606507	0.642101	0.327973	0.088743
0.876254	0.605999	0.641659	0.327603	0.088707
0.876254	0.605491	0.641218	0.327233	0.0886074
0.876254	0.604982	0.640777	0.326863	0.0885629
0.876254	0.604474	0.640335	0.326494	0.088469
0.876254	0.603965	0.639894	0.326125	0.0884632
0.876254	0.603457	0.639453	0.325756	0.0883269
0.876254	0.602949	0.639011	0.325388	0.088148
0.876254	0.60244	0.63857	0.32502	0.0881031
0.876254	0.601932	0.638129	0.324652	0.0880493
0.876254	0.601423	0.637688	0.324285	0.0879419
0.876254	0.600915	0.637246	0.323918	0.0878775
0.876254	0.600407	0.636805	0.323551	0.0876295
0.876254	0.599898	0.636364	0.323185	0.0876203
0.876254	0.59939	0.635922	0.322819	0.0875691
0.876254	0.598882	0.635481	0.322453	0.0873699
0.876254	0.598373	0.63504	0.322087	0.0873359
0.876254	0.597865	0.634598	0.321722	0.0873256
0.876254	0.597356	0.634157	0.321357	0.0871827
0.876254	0.596848	0.633716	0.320992	0.086847
0.876254	0.59634	0.633274	0.320628	0.0868232
0.876254	0.595831	0.632833	0.320264	0.0867155
0.876254	0.595323	0.632392	0.3199	0.0866948
0.876254	0.594814	0.631951	0.319536	0.086533
0.876254	0.594306	0.631509	0.319173	0.0863978
0.876254	0.593798	0.631068	0.31881	0.0863613
0.876254	0.593289	0.630627	0.318448	0.0862696
0.879599	0.593289	0.631068	0.320698	0.0861573
0.879599	0.592781	0.630627	0.320336	0.0859655
0.879599	0.592272	0.630185	0.319974	0.0858573
0.882943	0.592272	0.630627	0.322225	0.0858063
0.882943	0.591764	0.630185	0.321864	0.0854525
0.882943	0.591256	0.629744	0.321502	0.0854175
0.882943	0.590747	0.629303	0.321142	0.0853994
0.886288	0.590747	0.629744	0.323393	0.085329
0.886288	0.590239	0.629303	0.323032	0.0852734
0.886288	0.589731	0.628861	0.322672	0.0852055
0.886288	0.589222	0.62842	0.322313	0.0849549
0.886288	0.588714	0.627979	0.321953	0.0848847
0.886288	0.588205	0.627538	0.321594	0.084794
0.886288	0.587697	0.627096	0.321235	0.0846544
0.886288	0.587189	0.626655	0.320876	0.0846458
0.886288	0.58668	0.626214	0.320518	0.0845771
0.886288	0.586172	0.625772	0.320159	0.084336
0.886288	0.585663	0.625331	0.319802	0.0842173
0.886288	0.585155	0.62489	0.319444	0.0841036
0.886288	0.584647	0.624448	0.319087	0.0839249
0.886288	0.584138	0.624007	0.31873	0.0837527
0.889632	0.584138	0.624448	0.320983	0.0836945
0.889632	0.58363	0.624007	0.320627	0.0836022
0.889632	0.583122	0.623566	0.32027	0.0834223
0.889632	0.582613	0.623124	0.319914	0.0834003
0.889632	0.582105	0.622683	0.319559	0.0833228
0.892977	0.582105	0.623124	0.321813	0.0832612
0.892977	0.581596	0.622683	0.321458	0.0828948
0.892977	0.581088	0.622242	0.321103	0.0828893
0.892977	0.58058	0.621801	0.320748	0.0828866
0.892977	0.580071	0.621359	0.320393	0.0827473
0.892977	0.579563	0.620918	0.320039	0.0825587
0.892977	0.579054	0.620477	0.319685	0.0824488
0.892977	0.578546	0.620035	0.319332	0.0824355
0.892977	0.578038	0.619594	0.318978	0.0820888
0.892977	0.577529	0.619153	0.318625	0.0820509
0.892977	0.577021	0.618711	0.318272	0.0820425
0.892977	0.576512	0.61827	0.31792	0.0819669
0.892977	0.576004	0.617829	0.317568	0.0818276
0.892977	0.575496	0.617387	0.317215	0.0817788
0.892977	0.574987	0.616946	0.316864	0.0810936
0.896321	0.574987	0.617387	0.319121	0.0809695
0.896321	0.574479	0.616946	0.31877	0.0809512
0.896321	0.573971	0.616505	0.318419	0.0809166
0.899666	0.573971	0.616946	0.320676	0.0809148
0.899666	0.573462	0.616505	0.320326	0.0809053
0.899666	0.572954	0.616064	0.319976	0.0808394
0.899666	0.572445	0.615622	0.319625	0.0806715
0.90301	0.572445	0.616064	0.321884	0.0805386
0.90301	0.571937	0.615622	0.321535	0.0803778
0.90301	0.571429	0.615181	0.321185	0.0802866
0.90301	0.57092	0.61474	0.320836	0.0802729
0.90301	0.570412	0.614298	0.320487	0.0800048
0.90301	0.569903	0.613857	0.320139	0.0798235
0.90301	0.569395	0.613416	0.319791	0.0797705
0.90301	0.568887	0.612974	0.319443	0.0797641
0.906355	0.568887	0.613416	0.321703	0.0794577
0.906355	0.568378	0.612974	0.321355	0.079248
0.906355	0.56787	0.612533	0.321008	0.0791245
0.906355	0.567361	0.612092	0.320661	0.079027
0.909699	0.567361	0.612533	0.322922	0.0790081
0.909699	0.566853	0.612092	0.322576	0.078881
0.909699	0.566345	0.61165	0.32223	0.0787783
0.909699	0.565836	0.611209	0.321884	0.0787179
0.909699	0.565328	0.610768	0.321538	0.0783239
0.909699	0.56482	0.610327	0.321192	0.0779382
0.909699	0.564311	0.609885	0.320847	0.0776988
0.909699	0.563803	0.609444	0.320502	0.0771885
0.909699	0.563294	0.609003	0.320157	0.0770559
0.909699	0.562786	0.608561	0.319813	0.0770316
0.909699	0.562278	0.60812	0.319469	0.0769455
0.909699	0.561769	0.607679	0.319125	0.0768901
0.909699	0.561261	0.607237	0.318781	0.0768387
0.909699	0.560752	0.606796	0.318437	0.0766702
0.909699	0.560244	0.606355	0.318094	0.0765321
0.913043	0.560244	0.606796	0.320359	0.0764023
0.916388	0.560244	0.607237	0.322624	0.0763449
0.916388	0.559736	0.606796	0.322282	0.0762985
0.916388	0.559227	0.606355	0.32194	0.0756814
0.916388	0.558719	0.605914	0.321598	0.0755333
0.916388	0.55821	0.605472	0.321256	0.0754733
0.916388	0.557702	0.605031	0.320914	0.0754731
0.916388	0.557194	0.60459	0.320573	0.0754128
0.916388	0.556685	0.604148	0.320232	0.0753453
0.916388	0.556177	0.603707	0.319891	0.075256
0.916388	0.555669	0.603266	0.319551	0.0749848
0.916388	0.55516	0.602824	0.319211	0.074808
0.916388	0.554652	0.602383	0.31887	0.0747519
0.916388	0.554143	0.601942	0.318531	0.0747322
0.919732	0.554143	0.602383	0.320799	0.0746467
0.919732	0.553635	0.601942	0.32046	0.0744795
0.919732	0.553127	0.6015	0.320121	0.07445
0.919732	0.552618	0.601059	0.319782	0.0741989
0.923077	0.552618	0.6015	0.322052	0.0741373
0.923077	0.55211	0.601059	0.321714	0.0739682
0.923077	0.551601	0.600618	0.321376	0.0739551
0.923077	0.551093	0.600177	0.321038	0.0739097
0.923077	0.550585	0.599735	0.3207	0.0739096
0.923077	0.550076	0.599294	0.320363	0.0735425
0.923077	0.549568	0.598853	0.320026	0.0734892
0.923077	0.549059	0.598411	0.319689	0.0734251
0.923077	0.548551	0.59797	0.319352	0.0734043
0.923077	0.548043	0.597529	0.319016	0.0733268
0.926421	0.548043	0.59797	0.321289	0.0732243
0.926421	0.547534	0.597529	0.320953	0.0730528
0.926421	0.547026	0.597087	0.320617	0.0730252
0.926421	0.546518	0.596646	0.320282	0.0726603
0.926421	0.546009	0.596205	0.319947	0.0722747
0.926421	0.545501	0.595763	0.319612	0.0722073
0.926421	0.544992	0.595322	0.319277	0.0721022
0.926421	0.544484	0.594881	0.318942	0.0718809
0.926421	0.543976	0.59444	0.318608	0.0717945
0.926421	0.543467	0.593998	0.318274	0.0715663
0.926421	0.542959	0.593557	0.31794	0.0715408
0.926421	0.54245	0.593116	0.317607	0.0713195
0.926421	0.541942	0.592674	0.317273	0.0712617
0.926421	0.541434	0.592233	0.31694	0.071217
0.926421	0.540925	0.591792	0.316607	0.0711388
0.926421	0.540417	0.59135	0.316275	0.0710242
0.926421	0.539908	0.590909	0.315942	0.0709526
0.926421	0.5394	0.590468	0.31561	0.0708938
0.926421	0.538892	0.590026	0.315278	0.0704295
0.926421	0.538383	0.589585	0.314946	0.0701225
0.926421	0.537875	0.589144	0.314615	0.0699062
0.926421	0.537367	0.588703	0.314283	0.0698308
0.926421	0.536858	0.588261	0.313952	0.0697117
0.926421	0.53635	0.58782	0.313621	0.0696782
0.926421	0.535841	0.587379	0.31329	0.0696392
0.926421	0.535333	0.586937	0.31296	0.0693331
0.926421	0.534825	0.586496	0.31263	0.0691415
0.926421	0.534316	0.586055	0.3123	0.0691001
0.929766	0.534316	0.586496	0.314581	0.0688412
0.929766	0.533808	0.586055	0.314252	0.068759
0.929766	0.533299	0.585613	0.313923	0.0686247
0.93311	0.533299	0.586055	0.316206	0.0685924
0.93311	0.532791	0.585613	0.315877	0.0683026
0.93311	0.532283	0.585172	0.315548	0.0681262
0.93311	0.531774	0.584731	0.31522	0.0678324
0.936455	0.531774	0.585172	0.317505	0.0675107
0.936455	0.531266	0.584731	0.317177	0.0675034
0.936455	0.530757	0.584289	0.316849	0.0674659
0.936455	0.530249	0.583848	0.316522	0.0673089
0.936455	0.529741	0.583407	0.316195	0.0672652
0.936455	0.529232	0.582966	0.315868	0.0671976
0.936455	0.528724	0.582524	0.315541	0.0670148
0.936455	0.528216	0.582083	0.315215	0.0670029
0.936455	0.527707	0.581642	0.314888	0.0665423
0.936455	0.527199	0.5812	0.314562	0.0664441
0.936455	0.52669	0.580759	0.314237	0.0663288
0.936455	0.526182	0.580318	0.313911	0.066309
0.936455	0.525674	0.579876	0.313585	0.0662557
0.936455	0.525165	0.579435	0.31326	0.0662491
0.936455	0.524657	0.578994	0.312935	0.0658882
0.936455	0.524148	0.578553	0.31261	0.0658737
0.936455	0.52364	0.578111	0.312286	0.0658192
0.936455	0.523132	0.57767	0.311961	0.0657622
0.936455	0.522623	0.577229	0.311637	0.0657483
0.936455	0.522115	0.576787	0.311313	0.0657278
0.936455	0.521607	0.576346	0.310989	0.0657116
0.936455	0.521098	0.575905	0.310666	0.0654749
0.936455	0.52059	0.575463	0.310342	0.0652489
0.936455	0.520081	0.575022	0.310019	0.0652433
0.936455	0.519573	0.574581	0.309696	0.0651343
0.936455	0.519065	0.574139	0.309373	0.0649804
0.936455	0.518556	0.573698	0.309051	0.0647062
0.936455	0.518048	0.573257	0.308728	0.064586
0.936455	0.517539	0.572816	0.308406	0.0644905
0.936455	0.517031	0.572374	0.308084	0.0643554
0.936455	0.516523	0.571933	0.307762	0.064169
0.936455	0.516014	0.571492	0.30744	0.0634462
0.936455	0.515506	0.57105	0.307119	0.063107
0.936455	0.514997	0.570609	0.306798	0.0630629
0.936455	0.514489	0.570168	0.306477	0.0629474
0.936455	0.513981	0.569726	0.306156	0.0629284
0.936455	0.513472	0.569285	0.305835	0.062915
0.936455	0.512964	0.568844	0.305515	0.0628738
0.936455	0.512456	0.568402	0.305194	0.0628518
0.936455	0.511947	0.567961	0.304874	0.0627721
0.936455	0.511439	0.56752	0.304554	0.0626968
0.936455	0.51093	0.567079	0.304235	0.0626491
0.936455	0.510422	0.566637	0.303915	0.0626288
0.936455	0.509914	0.566196	0.303596	0.0625411
0.936455	0.509405	0.565755	0.303277	0.0624197
0.936455	0.508897	0.565313	0.302958	0.0623895
0.936455	0.508388	0.564872	0.302639	0.0623644
0.936455	0.50788	0.564431	0.30232	0.0622849
0.936455	0.507372	0.563989	0.302002	0.0620922
0.936455	0.506863	0.563548	0.301683	0.0620093
0.936455	0.506355	0.563107	0.301365	0.0617307
0.939799	0.506355	0.563548	0.30367	0.0614364
0.939799	0.505846	0.563107	0.303352	0.0613227
0.939799	0.505338	0.562665	0.303035	0.061303
0.939799	0.50483	0.562224	0.302718	0.0612891
0.943144	0.50483	0.562665	0.305024	0.0611658
0.943144	0.504321	0.562224	0.304708	0.0611233
0.943144	0.503813	0.561783	0.304392	0.0611202
0.943144	0.503305	0.561342	0.304075	0.0606979
0.946488	0.503305	0.561783	0.306384	0.0604061
0.946488	0.502796	0.561342	0.306068	0.0602835
0.946488	0.502288	0.5609	0.305753	0.0600288
0.946488	0.501779	0.560459	0.305438	0.0598645
0.946488	0.501271	0.560018	0.305123	0.0598135
0.946488	0.500763	0.559576	0.304808	0.0596195
0.946488	0.500254	0.559135	0.304494	0.0596118
0.946488	0.499746	0.558694	0.304179	0.0595763
0.946488	0.499237	0.558252	0.303865	0.0592928
0.946488	0.498729	0.557811	0.303551	0.0592809
0.946488	0.498221	0.55737	0.303237	0.0592448
0.946488	0.497712	0.556929	0.302923	0.0585661
0.946488	0.497204	0.556487	0.30261	0.0582999
0.946488	0.496695	0.556046	0.302296	0.0581196
0.946488	0.496187	0.555605	0.301983	0.0579551
0.946488	0.495679	0.555163	0.30167	0.0578396
0.946488	0.49517	0.554722	0.301357	0.0577655
0.946488	0.494662	0.554281	0.301044	0.0577572
0.946488	0.494154	0.553839	0.300732	0.0577128
0.946488	0.493645	0.553398	0.30042	0.0576618
0.946488	0.493137	0.552957	0.300107	0.057585
0.946488	0.492628	0.552515	0.299795	0.0574309
0.946488	0.49212	0.552074	0.299484	0.0573564
0.946488	0.491612	0.551633	0.299172	0.0570824
0.946488	0.491103	0.551192	0.29886	0.0569222
0.946488	0.490595	0.55075	0.298549	0.0569154
0.946488	0.490086	0.550309	0.298238	0.0566716
0.946488	0.489578	0.549868	0.297927	0.0566055
0.946488	0.48907	0.549426	0.297616	0.0565179
0.946488	0.488561	0.548985	0.297305	0.0564404
0.949833	0.488561	0.549426	0.299628	0.0563807
0.949833	0.488053	0.548985	0.299318	0.056355
0.949833	0.487544	0.548544	0.299008	0.0562627
0.949833	0.487036	0.548102	0.298699	0.0561569
0.949833	0.486528	0.547661	0.298389	0.0561372
0.949833	0.486019	0.54722	0.29808	0.0559766
0.949833	0.485511	0.546778	0.297771	0.0556257
0.949833	0.485003	0.546337	0.297461	0.0555558
0.949833	0.484494	0.545896	0.297153	0.0555399
0.953177	0.484494	0.546337	0.29948	0.0553857
0.953177	0.483986	0.545896	0.299172	0.0550787
0.953177	0.483477	0.545455	0.298864	0.0550308
0.953177	0.482969	0.545013	0.298556	0.0548472
0.953177	0.482461	0.544572	0.298248	0.0547168
0.953177	0.481952	0.544131	0.297941	0.0546784
0.953177	0.481444	0.543689	0.297633	0.0545638
0.953177	0.480935	0.543248	0.297326	0.0544437
0.953177	0.480427	0.542807	0.297019	0.054427
0.953177	0.479919	0.542365	0.296712	0.0543437
0.953177	0.47941	0.541924	0.296405	0.0539353
0.953177	0.478902	0.541483	0.296099	0.0537931
0.953177	0.478393	0.541041	0.295792	0.0537305
0.953177	0.477885	0.5406	0.295486	0.0536876
0.953177	0.477377	0.540159	0.29518	0.0535635
0.953177	0.476868	0.539718	0.294874	0.0535358
0.953177	0.47636	0.539276	0.294568	0.05342
0.953177	0.475852	0.538835	0.294262	0.0533804
0.953177	0.475343	0.538394	0.293957	0.053341
0.953177	0.474835	0.537952	0.293651	0.0533136
0.953177	0.474326	0.537511	0.293346	0.0532589
0.953177	0.473818	0.53707	0.293041	0.0532498
0.953177	0.47331	0.536628	0.292736	0.0531742
0.953177	0.472801	0.536187	0.292431	0.053081
0.953177	0.472293	0.535746	0.292127	0.0530761
0.953177	0.471784	0.535305	0.291822	0.0529501
0.953177	0.471276	0.534863	0.291518	0.0529261
0.953177	0.470768	0.534422	0.291214	0.0527277
0.953177	0.470259	0.533981	0.290909	0.0527084
0.953177	0.469751	0.533539	0.290606	0.052654
0.953177	0.469243	0.533098	0.290302	0.052478
0.953177	0.468734	0.532657	0.289998	0.0524725
0.953177	0.468226	0.532215	0.289695	0.0521149
0.953177	0.467717	0.531774	0.289391	0.0519784
0.953177	0.467209	0.531333	0.289088	0.0516321
0.953177	0.466701	0.530891	0.288785	0.0515435
0.953177	0.466192	0.53045	0.288482	0.0515162
0.953177	0.465684	0.530009	0.288179	0.0514124
0.953177	0.465175	0.529568	0.287877	0.0511354
0.953177	0.464667	0.529126	0.287574	0.0510936
0.953177	0.464159	0.528685	0.287272	0.0510185
0.953177	0.46365	0.528244	0.28697	0.0509781
0.953177	0.463142	0.527802	0.286668	0.0509773
0.953177	0.462633	0.527361	0.286366	0.0509542
0.953177	0.462125	0.52692	0.286064	0.0509326
0.953177	0.461617	0.526478	0.285762	0.0509181
0.956522	0.461617	0.52692	0.288116	0.0508845
0.956522	0.461108	0.526478	0.287815	0.0508286
0.956522	0.4606	0.526037	0.287514	0.0506884
0.956522	0.460092	0.525596	0.287213	0.0505868
0.956522	0.459583	0.525154	0.286913	0.0503828
0.956522	0.459075	0.524713	0.286612	0.0502156
0.956522	0.458566	0.524272	0.286312	0.050153
0.956522	0.458058	0.523831	0.286012	0.0500618
0.956522	0.45755	0.523389	0.285712	0.0498987
0.956522	0.457041	0.522948	0.285412	0.0498422
0.956522	0.456533	0.522507	0.285113	0.0498234
0.956522	0.456024	0.522065	0.284813	0.0497722
0.956522	0.455516	0.521624	0.284514	0.0496913
0.956522	0.455008	0.521183	0.284214	0.0496225
0.956522	0.454499	0.520741	0.283915	0.0495441
0.956522	0.453991	0.5203	0.283616	0.0495069
0.959866	0.453991	0.520741	0.285979	0.0494663
0.959866	0.453482	0.5203	0.285681	0.049465
0.959866	0.452974	0.519859	0.285383	0.04933
0.959866	0.452466	0.519417	0.285085	0.0493206
0.959866	0.451957	0.518976	0.284787	0.0491627
0.959866	0.451449	0.518535	0.284489	0.0490987
0.959866	0.450941	0.518094	0.284192	0.0490095
0.959866	0.450432	0.517652	0.283894	0.0489629
0.959866	0.449924	0.517211	0.283597	0.0489386
0.959866	0.449415	0.51677	0.283299	0.0489254
0.959866	0.448907	0.516328	0.283002	0.0489128
0.959866	0.448399	0.515887	0.282705	0.0488987
0.959866	0.44789	0.515446	0.282408	0.0488924
0.959866	0.447382	0.515004	0.282112	0.0488883
0.959866	0.446873	0.514563	0.281815	0.0487287
0.959866	0.446365	0.514122	0.281518	0.0487245
0.959866	0.445857	0.51368	0.281222	0.0487065
0.959866	0.445348	0.513239	0.280926	0.0485992
0.959866	0.44484	0.512798	0.28063	0.0484921
0.963211	0.44484	0.513239	0.283006	0.0483422
0.963211	0.444331	0.512798	0.28271	0.0483285
0.963211	0.443823	0.512357	0.282415	0.0480929
0.963211	0.443315	0.511915	0.28212	0.0479254
0.963211	0.442806	0.511474	0.281825	0.0479021
0.963211	0.442298	0.511033	0.28153	0.0478354
0.963211	0.44179	0.510591	0.281235	0.0477624
0.963211	0.441281	0.51015	0.280941	0.0477178
0.963211	0.440773	0.509709	0.280646	0.0476937
0.963211	0.440264	0.509267	0.280352	0.0476641
0.963211	0.439756	0.508826	0.280058	0.0475817
0.963211	0.439248	0.508385	0.279764	0.047577
0.963211	0.438739	0.507944	0.279469	0.0474692
0.963211	0.438231	0.507502	0.279176	0.0474377
0.963211	0.437722	0.507061	0.278882	0.0471519
0.963211	0.437214	0.50662	0.278588	0.0471501
0.963211	0.436706	0.506178	0.278294	0.0471131
0.963211	0.436197	0.505737	0.278001	0.0470549
0.963211	0.435689	0.505296	0.277708	0.0469309
0.963211	0.43518	0.504854	0.277414	0.046894
0.963211	0.434672	0.504413	0.277121	0.0468321
0.963211	0.434164	0.503972	0.276828	0.0466966
0.963211	0.433655	0.50353	0.276535	0.0466625
0.963211	0.433147	0.503089	0.276243	0.0466074
0.963211	0.432639	0.502648	0.27595	0.0465492
0.963211	0.43213	0.502207	0.275657	0.0465011
0.963211	0.431622	0.501765	0.275365	0.0464041
0.963211	0.431113	0.501324	0.275073	0.0463926
0.963211	0.430605	0.500883	0.27478	0.0461579
0.963211	0.430097	0.500441	0.274488	0.0461382
0.963211	0.429588	0.5	0.274196	0.0461291
0.963211	0.42908	0.499559	0.273904	0.0460939
0.963211	0.428571	0.499117	0.273613	0.0460115
0.963211	0.428063	0.498676	0.273321	0.0459612
0.963211	0.427555	0.498235	0.273029	0.045925
0.963211	0.427046	0.497793	0.272738	0.0456679
0.963211	0.426538	0.497352	0.272446	0.0456673
0.963211	0.426029	0.496911	0.272155	0.0455667
0.963211	0.425521	0.49647	0.271864	0.0455102
0.963211	0.425013	0.496028	0.271573	0.0455091
0.963211	0.424504	0.495587	0.271282	0.0454758
0.963211	0.423996	0.495146	0.270991	0.0454258
0.963211	0.423488	0.494704	0.2707	0.0452647
0.963211	0.422979	0.494263	0.27041	0.0451317
0.963211	0.422471	0.493822	0.270119	0.0450517
0.963211	0.421962	0.49338	0.269829	0.0448982
0.963211	0.421454	0.492939	0.269538	0.0448953
0.963211	0.420946	0.492498	0.269248	0.0448815
0.963211	0.420437	0.492056	0.268958	0.0445701
0.963211	0.419929	0.491615	0.268668	0.0440384
0.963211	0.41942	0.491174	0.268378	0.0439037
0.963211	0.418912	0.490733	0.268088	0.0438199
0.963211	0.418404	0.490291	0.267798	0.043732
0.963211	0.417895	0.48985	0.267509	0.0435157
0.963211	0.417387	0.489409	0.267219	0.0433483
0.963211	0.416878	0.488967	0.26693	0.0431148
0.963211	0.41637	0.488526	0.26664	0.0431126
0.963211	0.415862	0.488085	0.266351	0.0431119
0.963211	0.415353	0.487643	0.266062	0.0430641
0.963211	0.414845	0.487202	0.265773	0.0430179
0.963211	0.414337	0.486761	0.265484	0.0430068
0.963211	0.413828	0.48632	0.265195	0.0429204
0.963211	0.41332	0.485878	0.264906	0.0428752
0.963211	0.412811	0.485437	0.264617	0.0428362
0.963211	0.412303	0.484996	0.264329	0.0427341
0.963211	0.411795	0.484554	0.26404	0.0427039
0.963211	0.411286	0.484113	0.263752	0.0426679
0.963211	0.410778	0.483672	0.263463	0.0426562
0.963211	0.410269	0.48323	0.263175	0.0425625
0.963211	0.409761	0.482789	0.262887	0.0423925
0.963211	0.409253	0.482348	0.262599	0.0423605
0.963211	0.408744	0.481906	0.26231	0.0423579
0.963211	0.408236	0.481465	0.262023	0.0423553
0.963211	0.407728	0.481024	0.261735	0.042331
0.963211	0.407219	0.480583	0.261447	0.0422791
0.963211	0.406711	0.480141	0.261159	0.0422774
0.963211	0.406202	0.4797	0.260872	0.0420697
0.963211	0.405694	0.479259	0.260584	0.0420624
0.963211	0.405186	0.478817	0.260297	0.0419274
0.963211	0.404677	0.478376	0.260009	0.0418997
0.963211	0.404169	0.477935	0.259722	0.0418161
0.963211	0.40366	0.477493	0.259435	0.0417964
0.963211	0.403152	0.477052	0.259148	0.0417774
0.963211	0.402644	0.476611	0.258861	0.0417573
0.963211	0.402135	0.476169	0.258574	0.0416918
0.963211	0.401627	0.475728	0.258287	0.0416618
0.963211	0.401118	0.475287	0.258	0.0416286
0.963211	0.40061	0.474846	0.257713	0.0415816
0.963211	0.400102	0.474404	0.257427	0.0415223
0.963211	0.399593	0.473963	0.25714	0.0413495
0.963211	0.399085	0.473522	0.256854	0.0412746
0.963211	0.398577	0.47308	0.256567	0.0410443
0.963211	0.398068	0.472639	0.256281	0.0410369
0.963211	0.39756	0.472198	0.255995	0.0410165
0.963211	0.397051	0.471756	0.255708	0.0409137
0.963211	0.396543	0.471315	0.255422	0.040775
0.963211	0.396035	0.470874	0.255136	0.040658
0.963211	0.395526	0.470432	0.25485	0.0406248
0.963211	0.395018	0.469991	0.254564	0.0405686
0.963211	0.394509	0.46955	0.254279	0.0405149
0.963211	0.394001	0.469109	0.253993	0.0404136
0.963211	0.393493	0.468667	0.253707	0.0403781
0.963211	0.392984	0.468226	0.253421	0.0403373
0.963211	0.392476	0.467785	0.253136	0.0402484
0.963211	0.391967	0.467343	0.25285	0.0400926
0.963211	0.391459	0.466902	0.252565	0.0400768
0.963211	0.390951	0.466461	0.25228	0.0400605
0.963211	0.390442	0.466019	0.251994	0.0400253
0.963211	0.389934	0.465578	0.251709	0.0399452
0.963211	0.389426	0.465137	0.251424	0.0397304
0.963211	0.388917	0.464695	0.251139	0.0395619
0.963211	0.388409	0.464254	0.250854	0.0394839
0.963211	0.3879	0.463813	0.250569	0.0394029
0.963211	0.387392	0.463372	0.250284	0.0393371
0.963211	0.386884	0.46293	0.249999	0.0392883
0.963211	0.386375	0.462489	0.249715	0.0391135
0.963211	0.385867	0.462048	0.24943	0.0390615
0.963211	0.385358	0.461606	0.249145	0.0390067
0.963211	0.38485	0.461165	0.248861	0.0389965
0.963211	0.384342	0.460724	0.248576	0.0387927
0.963211	0.383833	0.460282	0.248292	0.0387711
0.963211	0.383325	0.459841	0.248007	0.0387621
0.963211	0.382816	0.4594	0.247723	0.0386006
0.963211	0.382308	0.458959	0.247439	0.0385262
0.963211	0.3818	0.458517	0.247155	0.0385255
0.963211	0.381291	0.458076	0.24687	0.0383798
0.963211	0.380783	0.457635	0.246586	0.038269
0.963211	0.380275	0.457193	0.246302	0.0382283
0.963211	0.379766	0.456752	0.246018	0.0382217
0.963211	0.379258	0.456311	0.245734	0.0381223
0.963211	0.378749	0.455869	0.24545	0.0381035
0.963211	0.378241	0.455428	0.245167	0.0380303
0.966555	0.378241	0.455869	0.24765	0.0380218
0.966555	0.377733	0.455428	0.247367	0.0377703
0.966555	0.377224	0.454987	0.247085	0.0376817
0.966555	0.376716	0.454545	0.246802	0.0376743
0.966555	0.376207	0.454104	0.246519	0.0373304
0.966555	0.375699	0.453663	0.246237	0.0371758
0.966555	0.375191	0.453222	0.245954	0.0371026
0.966555	0.374682	0.45278	0.245672	0.0370005
0.966555	0.374174	0.452339	0.245389	0.0369988
0.966555	0.373665	0.451898	0.245107	0.0369096
0.966555	0.373157	0.451456	0.244825	0.0366831
0.966555	0.372649	0.451015	0.244542	0.0366674
0.966555	0.37214	0.450574	0.24426	0.0365631
0.966555	0.371632	0.450132	0.243978	0.0364084
0.966555	0.371124	0.449691	0.243696	0.036285
0.966555	0.370615	0.44925	0.243414	0.036245
0.966555	0.370107	0.448808	0.243132	0.0362349
0.966555	0.369598	0.448367	0.24285	0.0362256
0.966555	0.36909	0.447926	0.242568	0.0361961
0.966555	0.368582	0.447485	0.242286	0.0361414
0.966555	0.368073	0.447043	0.242004	0.0360373
0.966555	0.367565	0.446602	0.241723	0.0360097
0.966555	0.367056	0.446161	0.241441	0.035967
0.966555	0.366548	0.445719	0.241159	0.0359662
0.966555	0.36604	0.445278	0.240878	0.0358825
0.966555	0.365531	0.444837	0.240596	0.0358797
0.966555	0.365023	0.444395	0.240314	0.0358575
0.966555	0.364514	0.443954	0.240033	0.0358369
0.966555	0.364006	0.443513	0.239751	0.0358254
0.966555	0.363498	0.443071	0.23947	0.0357581
0.966555	0.362989	0.44263	0.239189	0.035701
0.966555	0.362481	0.442189	0.238907	0.0356314
0.966555	0.361973	0.441748	0.238626	0.0356298
0.9699	0.361973	0.442189	0.241144	0.0356268
0.9699	0.361464	0.441748	0.240864	0.0356173
0.9699	0.360956	0.441306	0.240584	0.0356055
0.9699	0.360447	0.440865	0.240304	0.0355934
0.9699	0.359939	0.440424	0.240024	0.0355236
0.9699	0.359431	0.439982	0.239744	0.0353188
0.9699	0.358922	0.439541	0.239464	0.0352414
0.9699	0.358414	0.4391	0.239184	0.0351984
0.9699	0.357905	0.438658	0.238904	0.0351828
0.9699	0.357397	0.438217	0.238624	0.0351644
0.9699	0.356889	0.437776	0.238344	0.0351424
0.9699	0.35638	0.437335	0.238064	0.0351286
0.9699	0.355872	0.436893	0.237784	0.0350621
0.9699	0.355363	0.436452	0.237505	0.0349416
0.9699	0.354855	0.436011	0.237225	0.0349178
0.9699	0.354347	0.435569	0.236945	0.0348881
0.9699	0.353838	0.435128	0.236666	0.034764
0.9699	0.35333	0.434687	0.236386	0.0346066
0.9699	0.352822	0.434245	0.236107	0.0345471
0.9699	0.352313	0.433804	0.235827	0.0345399
0.9699	0.351805	0.433363	0.235548	0.0345152
0.9699	0.351296	0.432921	0.235268	0.0344048
0.9699	0.350788	0.43248	0.234989	0.0343744
0.9699	0.35028	0.432039	0.234709	0.0343646
0.9699	0.349771	0.431598	0.23443	0.0343516
0.9699	0.349263	0.431156	0.234151	0.034297
0.9699	0.348754	0.430715	0.233871	0.034251
0.9699	0.348246	0.430274	0.233592	0.034136
0.9699	0.347738	0.429832	0.233313	0.033969
0.9699	0.347229	0.429391	0.233033	0.0338506
0.9699	0.346721	0.42895	0.232754	0.0338256
0.9699	0.346213	0.428508	0.232475	0.0338061
0.9699	0.345704	0.428067	0.232196	0.0337282
0.9699	0.345196	0.427626	0.231917	0.0336671
0.9699	0.344687	0.427184	0.231638	0.033606
0.9699	0.344179	0.426743	0.231359	0.0335687
0.9699	0.343671	0.426302	0.231079	0.033554
0.9699	0.343162	0.425861	0.2308	0.0335168
0.9699	0.342654	0.425419	0.230521	0.0334842
0.9699	0.342145	0.424978	0.230242	0.0334759
0.9699	0.341637	0.424537	0.229963	0.0334382
0.9699	0.341129	0.424095	0.229684	0.0333604
0.9699	0.34062	0.423654	0.229406	0.0333531
0.9699	0.340112	0.423213	0.229127	0.0331225
0.9699	0.339603	0.422771	0.228848	0.0330766
0.9699	0.339095	0.42233	0.228569	0.0330488
0.9699	0.338587	0.421889	0.22829	0.0328863
0.9699	0.338078	0.421447	0.228011	0.0327167
0.9699	0.33757	0.421006	0.227732	0.0326986
0.9699	0.337062	0.420565	0.227453	0.0326193
0.9699	0.336553	0.420124	0.227175	0.0324548
0.9699	0.336045	0.419682	0.226896	0.0322729
0.9699	0.335536	0.419241	0.226617	0.0322215
0.9699	0.335028	0.4188	0.226338	0.0321817
0.9699	0.33452	0.418358	0.226059	0.0321782
0.9699	0.334011	0.417917	0.225781	0.0321623
0.9699	0.333503	0.417476	0.225502	0.0321068
0.9699	0.332994	0.417034	0.225223	0.0320957
0.9699	0.332486	0.416593	0.224945	0.0320455
0.9699	0.331978	0.416152	0.224666	0.0319623
0.9699	0.331469	0.415711	0.224387	0.0315431
0.9699	0.330961	0.415269	0.224108	0.0315274
0.9699	0.330452	0.414828	0.22383	0.0313419
0.973244	0.330452	0.415269	0.226424	0.0313117
0.973244	0.329944	0.414828	0.226146	0.0312673
0.973244	0.329436	0.414387	0.225869	0.0312058
0.973244	0.328927	0.413945	0.225592	0.0311476
0.973244	0.328419	0.413504	0.225314	0.0309224
0.973244	0.327911	0.413063	0.225037	0.0309012
0.973244	0.327402	0.412621	0.224759	0.0308799
0.973244	0.326894	0.41218	0.224482	0.0306222
0.973244	0.326385	0.411739	0.224205	0.0304549
0.973244	0.325877	0.411297	0.223928	0.0304159
0.976589	0.325877	0.411739	0.226536	0.0303331
0.976589	0.325369	0.411297	0.22626	0.0302246
0.976589	0.32486	0.410856	0.225984	0.0301679
0.976589	0.324352	0.410415	0.225708	0.0301117
0.976589	0.323843	0.409974	0.225432	0.0300465
0.976589	0.323335	0.409532	0.225156	0.0299529
0.976589	0.322827	0.409091	0.22488	0.0298909
0.976589	0.322318	0.40865	0.224604	0.0297652
0.976589	0.32181	0.408208	0.224328	0.0297472
0.976589	0.321301	0.407767	0.224052	0.0296782
0.976589	0.320793	0.407326	0.223777	0.0296098
0.976589	0.320285	0.406884	0.223501	0.0296019
0.976589	0.319776	0.406443	0.223225	0.0295358
0.976589	0.319268	0.406002	0.222949	0.0295084
0.976589	0.31876	0.40556	0.222673	0.0295025
0.976589	0.318251	0.405119	0.222397	0.0294856
0.976589	0.317743	0.404678	0.222121	0.0294762
0.976589	0.317234	0.404237	0.221845	0.029412
0.976589	0.316726	0.403795	0.221569	0.0293756
0.976589	0.316218	0.403354	0.221293	0.0293135
0.976589	0.315709	0.402913	0.221017	0.0291805
0.976589	0.315201	0.402471	0.220742	0.0291717
0.976589	0.314692	0.40203	0.220466	0.0291275
0.976589	0.314184	0.401589	0.22019	0.0290516
0.976589	0.313676	0.401147	0.219914	0.0289909
0.976589	0.313167	0.400706	0.219638	0.0289775
0.976589	0.312659	0.400265	0.219362	0.0289356
0.976589	0.31215	0.399823	0.219086	0.0289351
0.976589	0.311642	0.399382	0.21881	0.0287844
0.976589	0.311134	0.398941	0.218534	0.0287218
0.976589	0.310625	0.3985	0.218258	0.0287
0.976589	0.310117	0.398058	0.217982	0.0285949
0.976589	0.309609	0.397617	0.217706	0.0285325
0.976589	0.3091	0.397176	0.21743	0.0285203
0.976589	0.308592	0.396734	0.217154	0.0285177
0.976589	0.308083	0.396293	0.216878	0.02845
0.976589	0.307575	0.395852	0.216602	0.0284031
0.976589	0.307067	0.39541	0.216326	0.0283774
0.976589	0.306558	0.394969	0.21605	0.0283757
0.976589	0.30605	0.394528	0.215774	0.0283334
0.976589	0.305541	0.394086	0.215498	0.0282407
0.976589	0.305033	0.393645	0.215222	0.0282245
0.976589	0.304525	0.393204	0.214946	0.0282204
0.976589	0.304016	0.392763	0.21467	0.0280725
0.976589	0.303508	0.392321	0.214393	0.0280469
0.979933	0.303508	0.392763	0.217068	0.0280465
0.979933	0.302999	0.392321	0.216793	0.028015
0.979933	0.302491	0.39188	0.216519	0.027886
0.979933	0.301983	0.391439	0.216244	0.0278745
0.979933	0.301474	0.390997	0.215969	0.0277828
0.979933	0.300966	0.390556	0.215695	0.0277517
0.979933	0.300458	0.390115	0.21542	0.0277308
0.979933	0.299949	0.389673	0.215145	0.0276556
0.979933	0.299441	0.389232	0.214871	0.0275629
0.979933	0.298932	0.388791	0.214596	0.0274882
0.979933	0.298424	0.38835	0.214321	0.0274603
0.979933	0.297916	0.387908	0.214046	0.0274312
0.979933	0.297407	0.387467	0.213771	0.027409
0.979933	0.296899	0.387026	0.213497	0.027264
0.979933	0.29639	0.386584	0.213222	0.0271568
0.979933	0.295882	0.386143	0.212947	0.0270113
0.979933	0.295374	0.385702	0.212672	0.0269804
0.979933	0.294865	0.38526	0.212397	0.026774
0.979933	0.294357	0.384819	0.212122	0.026578
0.979933	0.293849	0.384378	0.211847	0.0265317
0.979933	0.29334	0.383936	0.211572	0.0265283
0.979933	0.292832	0.383495	0.211297	0.0265189
0.979933	0.292323	0.383054	0.211022	0.0263779
0.979933	0.291815	0.382613	0.210747	0.0263644
0.979933	0.291307	0.382171	0.210472	0.0262883
0.979933	0.290798	0.38173	0.210197	0.0262409
0.979933	0.29029	0.381289	0.209922	0.0261786
0.979933	0.289781	0.380847	0.209646	0.0261179
0.979933	0.289273	0.380406	0.209371	0.0259045
0.979933	0.288765	0.379965	0.209096	0.0258674
0.979933	0.288256	0.379523	0.208821	0.025695
0.979933	0.287748	0.379082	0.208545	0.0253697
0.979933	0.287239	0.378641	0.20827	0.025299
0.979933	0.286731	0.378199	0.207995	0.0251238
0.979933	0.286223	0.377758	0.207719	0.0250678
0.979933	0.285714	0.377317	0.207444	0.0250313
0.979933	0.285206	0.376876	0.207168	0.0246917
0.979933	0.284698	0.376434	0.206893	0.0246326
0.979933	0.284189	0.375993	0.206617	0.024382
0.979933	0.283681	0.375552	0.206342	0.0242148
0.979933	0.283172	0.37511	0.206066	0.0242008
0.979933	0.282664	0.374669	0.20579	0.024173
0.979933	0.282156	0.374228	0.205514	0.0241356
0.979933	0.281647	0.373786	0.205239	0.024134
0.979933	0.281139	0.373345	0.204963	0.0240474
0.979933	0.28063	0.372904	0.204687	0.0240234
0.979933	0.280122	0.372462	0.204411	0.0240099
0.979933	0.279614	0.372021	0.204135	0.0237784
0.979933	0.279105	0.37158	0.203859	0.0237728
0.979933	0.278597	0.371139	0.203583	0.0237377
0.979933	0.278088	0.370697	0.203307	0.0237139
0.979933	0.27758	0.370256	0.203031	0.0237053
0.979933	0.277072	0.369815	0.202755	0.0236029
0.979933	0.276563	0.369373	0.202479	0.0235383
0.979933	0.276055	0.368932	0.202202	0.0234992
0.979933	0.275547	0.368491	0.201926	0.0234164
0.979933	0.275038	0.368049	0.20165	0.0234052
0.979933	0.27453	0.367608	0.201373	0.0233653
0.979933	0.274021	0.367167	0.201097	0.0233216
0.983278	0.274021	0.367608	0.203873	0.0233201
0.983278	0.273513	0.367167	0.203598	0.0231847
0.983278	0.273005	0.366726	0.203324	0.0231625
0.983278	0.272496	0.366284	0.203049	0.0231221
0.983278	0.271988	0.365843	0.202774	0.0231185
0.983278	0.271479	0.365402	0.202499	0.0230377
0.983278	0.270971	0.36496	0.202224	0.0230225
0.983278	0.270463	0.364519	0.201949	0.0229818
0.983278	0.269954	0.364078	0.201674	0.0229542
0.983278	0.269446	0.363636	0.201399	0.0229352
0.983278	0.268937	0.363195	0.201124	0.0229258
0.983278	0.268429	0.362754	0.200849	0.0229137
0.983278	0.267921	0.362312	0.200574	0.0227814
0.983278	0.267412	0.361871	0.200298	0.0226734
0.983278	0.266904	0.36143	0.200023	0.0225971
0.983278	0.266396	0.360989	0.199748	0.0224263
0.983278	0.265887	0.360547	0.199472	0.0223811
0.983278	0.265379	0.360106	0.199197	0.0223597
0.983278	0.26487	0.359665	0.198921	0.0221958
0.983278	0.264362	0.359223	0.198646	0.0221167
0.983278	0.263854	0.358782	0.19837	0.0220952
0.983278	0.263345	0.358341	0.198094	0.0220602
0.983278	0.262837	0.357899	0.197818	0.021967
0.983278	0.262328	0.357458	0.197542	0.0219496
0.983278	0.26182	0.357017	0.197266	0.0218511
0.983278	0.261312	0.356575	0.19699	0.0218304
0.983278	0.260803	0.356134	0.196714	0.0217941
0.983278	0.260295	0.355693	0.196438	0.0217806
0.983278	0.259786	0.355252	0.196162	0.0217702
0.983278	0.259278	0.35481	0.195886	0.0217067
0.983278	0.25877	0.354369	0.195609	0.0216508
0.983278	0.258261	0.353928	0.195333	0.0216007
0.983278	0.257753	0.353486	0.195056	0.0215529
0.986622	0.257753	0.353928	0.1979	0.0214794
0.986622	0.257245	0.353486	0.197625	0.0214511
0.986622	0.256736	0.353045	0.197351	0.0214374
0.986622	0.256228	0.352604	0.197076	0.0211919
0.986622	0.255719	0.352162	0.196802	0.0211917
0.986622	0.255211	0.351721	0.196527	0.0211695
0.986622	0.254703	0.35128	0.196252	0.0211448
0.986622	0.254194	0.350838	0.195977	0.0211225
0.986622	0.253686	0.350397	0.195702	0.0210279
0.986622	0.253177	0.349956	0.195427	0.0210062
0.986622	0.252669	0.349515	0.195152	0.0209882
0.986622	0.252161	0.349073	0.194877	0.0209792
0.986622	0.251652	0.348632	0.194602	0.0209254
0.986622	0.251144	0.348191	0.194326	0.0209141
0.986622	0.250635	0.347749	0.194051	0.0208483
0.986622	0.250127	0.347308	0.193775	0.0207386
0.986622	0.249619	0.346867	0.1935	0.0206448
0.986622	0.24911	0.346425	0.193224	0.0206218
0.986622	0.248602	0.345984	0.192949	0.0205966
0.986622	0.248094	0.345543	0.192673	0.020549
0.986622	0.247585	0.345102	0.192397	0.02045
0.986622	0.247077	0.34466	0.192121	0.0204179
0.986622	0.246568	0.344219	0.191845	0.0203645
0.986622	0.24606	0.343778	0.191569	0.0203601
0.986622	0.245552	0.343336	0.191293	0.0203571
0.986622	0.245043	0.342895	0.191016	0.0202828
0.986622	0.244535	0.342454	0.19074	0.0202369
0.986622	0.244026	0.342012	0.190464	0.0202282
0.986622	0.243518	0.341571	0.190187	0.0201034
0.986622	0.24301	0.34113	0.18991	0.0200469
0.986622	0.242501	0.340688	0.189634	0.0198574
0.986622	0.241993	0.340247	0.189357	0.0196589
0.986622	0.241484	0.339806	0.18908	0.0196537
0.986622	0.240976	0.339365	0.188803	0.0195516
0.986622	0.240468	0.338923	0.188526	0.0195247
0.986622	0.239959	0.338482	0.188249	0.0195141
0.986622	0.239451	0.338041	0.187971	0.0194753
0.986622	0.238943	0.337599	0.187694	0.0194217
0.986622	0.238434	0.337158	0.187417	0.0194124
0.986622	0.237926	0.336717	0.187139	0.0193462
0.986622	0.237417	0.336275	0.186861	0.0192572
0.986622	0.236909	0.335834	0.186584	0.0192326
0.986622	0.236401	0.335393	0.186306	0.0191639
0.986622	0.235892	0.334951	0.186028	0.0191158
0.986622	0.235384	0.33451	0.18575	0.0191079
0.986622	0.234875	0.334069	0.185472	0.019055
0.986622	0.234367	0.333628	0.185193	0.0189775
0.986622	0.233859	0.333186	0.184915	0.0189599
0.986622	0.23335	0.332745	0.184636	0.0188807
0.986622	0.232842	0.332304	0.184358	0.0188626
0.986622	0.232334	0.331862	0.184079	0.0188012
0.986622	0.231825	0.331421	0.1838	0.0187804
0.986622	0.231317	0.33098	0.183521	0.0187124
0.986622	0.230808	0.330538	0.183242	0.0186402
0.986622	0.2303	0.330097	0.182963	0.0185418
0.986622	0.229792	0.329656	0.182684	0.0185157
0.986622	0.229283	0.329214	0.182405	0.0184724
0.986622	0.228775	0.328773	0.182125	0.0184654
0.986622	0.228266	0.328332	0.181846	0.0183498
0.986622	0.227758	0.327891	0.181566	0.0182839
0.986622	0.22725	0.327449	0.181286	0.0182479
0.986622	0.226741	0.327008	0.181006	0.0182338
0.986622	0.226233	0.326567	0.180726	0.0181398
0.986622	0.225724	0.326125	0.180446	0.0179639
0.986622	0.225216	0.325684	0.180166	0.0179452
0.986622	0.224708	0.325243	0.179885	0.0179129
0.986622	0.224199	0.324801	0.179605	0.0178791
0.986622	0.223691	0.32436	0.179324	0.017756
0.986622	0.223183	0.323919	0.179043	0.0177351
0.986622	0.222674	0.323477	0.178762	0.0177332
0.989967	0.222674	0.323919	0.181775	0.0177234
0.989967	0.222166	0.323477	0.181496	0.0177203
0.989967	0.221657	0.323036	0.181218	0.0177069
0.989967	0.221149	0.322595	0.180939	0.0176888
0.989967	0.220641	0.322154	0.180661	0.0176838
0.989967	0.220132	0.321712	0.180382	0.0176318
0.989967	0.219624	0.321271	0.180103	0.0176195
0.989967	0.219115	0.32083	0.179824	0.0175873
0.989967	0.218607	0.320388	0.179544	0.0175573
0.989967	0.218099	0.319947	0.179265	0.0175187
0.989967	0.21759	0.319506	0.178986	0.0174767
0.989967	0.217082	0.319064	0.178706	0.0174562
0.989967	0.216573	0.318623	0.178426	0.0174045
0.989967	0.216065	0.318182	0.178146	0.0172755
0.989967	0.215557	0.317741	0.177866	0.0172639
0.989967	0.215048	0.317299	0.177586	0.0172181
0.989967	0.21454	0.316858	0.177306	0.0169471
0.989967	0.214032	0.316417	0.177026	0.0169284
0.989967	0.213523	0.315975	0.176745	0.0168877
0.989967	0.213015	0.315534	0.176464	0.0168701
0.989967	0.212506	0.315093	0.176184	0.0166329
0.989967	0.211998	0.314651	0.175903	0.0166266
0.989967	0.21149	0.31421	0.175622	0.0166122
0.989967	0.210981	0.313769	0.17534	0.0165026
0.989967	0.210473	0.313327	0.175059	0.0164975
0.989967	0.209964	0.312886	0.174777	0.0164043
0.989967	0.209456	0.312445	0.174496	0.0163929
0.989967	0.208948	0.312004	0.174214	0.0163531
0.989967	0.208439	0.311562	0.173932	0.0163498
0.989967	0.207931	0.311121	0.17365	0.0162564
0.989967	0.207422	0.31068	0.173368	0.0162526
0.989967	0.206914	0.310238	0.173085	0.0162259
0.989967	0.206406	0.309797	0.172803	0.0161724
0.993311	0.206406	0.310238	0.175914	0.0161649
0.993311	0.205897	0.309797	0.175634	0.0161574
0.993311	0.205389	0.309356	0.175354	0.0161384
0.993311	0.204881	0.308914	0.175074	0.0160678
0.993311	0.204372	0.308473	0.174794	0.0159916
0.993311	0.203864	0.308032	0.174514	0.0159159
0.993311	0.203355	0.30759	0.174234	0.0158607
0.993311	0.202847	0.307149	0.173953	0.0157462
0.993311	0.202339	0.306708	0.173672	0.0157277
0.993311	0.20183	0.306267	0.173392	0.0156761
0.993311	0.201322	0.305825	0.173111	0.0156567
0.993311	0.200813	0.305384	0.17283	0.0155842
0.993311	0.200305	0.304943	0.172548	0.0155152
0.993311	0.199797	0.304501	0.172267	0.0155021
0.996656	0.199797	0.304943	0.175426	0.0154831
0.996656	0.199288	0.304501	0.175148	0.0154715
0.996656	0.19878	0.30406	0.174869	0.0154508
0.996656	0.198271	0.303619	0.174591	0.0153778
0.996656	0.197763	0.303177	0.174312	0.0153612
0.996656	0.197255	0.302736	0.174033	0.0153527
0.996656	0.196746	0.302295	0.173754	0.0152731
0.996656	0.196238	0.301853	0.173475	0.0152404
0.996656	0.19573	0.301412	0.173195	0.0152035
0.996656	0.195221	0.300971	0.172916	0.0151903
0.996656	0.194713	0.30053	0.172636	0.0151794
0.996656	0.194204	0.300088	0.172357	0.015169
0.996656	0.193696	0.299647	0.172077	0.0151112
0.996656	0.193188	0.299206	0.171797	0.0150947
0.996656	0.192679	0.298764	0.171516	0.0150273
0.996656	0.192171	0.298323	0.171236	0.014997
0.996656	0.191662	0.297882	0.170955	0.0149691
0.996656	0.191154	0.29744	0.170675	0.0149475
0.996656	0.190646	0.296999	0.170394	0.0148518
0.996656	0.190137	0.296558	0.170113	0.014639
0.996656	0.189629	0.296117	0.169831	0.0145964
0.996656	0.18912	0.295675	0.16955	0.0145346
0.996656	0.188612	0.295234	0.169268	0.0145149
0.996656	0.188104	0.294793	0.168987	0.0144405
0.996656	0.187595	0.294351	0.168705	0.0143759
0.996656	0.187087	0.29391	0.168423	0.0143606
0.996656	0.186579	0.293469	0.16814	0.0143369
0.996656	0.18607	0.293027	0.167858	0.014329
0.996656	0.185562	0.292586	0.167575	0.0141728
0.996656	0.185053	0.292145	0.167293	0.0141682
0.996656	0.184545	0.291703	0.16701	0.0141138
0.996656	0.184037	0.291262	0.166726	0.014087
0.996656	0.183528	0.290821	0.166443	0.0140858
0.996656	0.18302	0.29038	0.166159	0.014016
0.996656	0.182511	0.289938	0.165876	0.013921
0.996656	0.182003	0.289497	0.165592	0.0138833
0.996656	0.181495	0.289056	0.165308	0.0138483
0.996656	0.180986	0.288614	0.165024	0.0138215
0.996656	0.180478	0.288173	0.164739	0.0138067
0.996656	0.179969	0.287732	0.164454	0.0137902
0.996656	0.179461	0.28729	0.16417	0.013772
0.996656	0.178953	0.286849	0.163884	0.0136853
0.996656	0.178444	0.286408	0.163599	0.0136544
0.996656	0.177936	0.285966	0.163314	0.0136337
0.996656	0.177428	0.285525	0.163028	0.0136082
0.996656	0.176919	0.285084	0.162742	0.0135898
0.996656	0.176411	0.284643	0.162456	0.0135873
0.996656	0.175902	0.284201	0.16217	0.0135443
0.996656	0.175394	0.28376	0.161883	0.0135223
0.996656	0.174886	0.283319	0.161597	0.0135149
0.996656	0.174377	0.282877	0.16131	0.0134503
0.996656	0.173869	0.282436	0.161023	0.013351
0.996656	0.17336	0.281995	0.160736	0.0133374
0.996656	0.172852	0.281553	0.160448	0.013332
0.996656	0.172344	0.281112	0.16016	0.0132641
0.996656	0.171835	0.280671	0.159872	0.0132441
0.996656	0.171327	0.280229	0.159584	0.0132282
0.996656	0.170819	0.279788	0.159296	0.0131576
0.996656	0.17031	0.279347	0.159007	0.0131566
0.996656	0.169802	0.278906	0.158718	0.013145
0.996656	0.169293	0.278464	0.158429	0.0131188
0.996656	0.168785	0.278023	0.15814	0.0130349
0.996656	0.168277	0.277582	0.15785	0.0130324
0.996656	0.167768	0.27714	0.157561	0.0130259
0.996656	0.16726	0.276699	0.157271	0.0129628
0.996656	0.166751	0.276258	0.15698	0.0129359
0.996656	0.166243	0.275816	0.15669	0.0128325
0.996656	0.165735	0.275375	0.156399	0.012799
0.996656	0.165226	0.274934	0.156108	0.0127934
0.996656	0.164718	0.274492	0.155817	0.0127902
0.996656	0.164209	0.274051	0.155526	0.0127436
0.996656	0.163701	0.27361	0.155234	0.0126965
0.996656	0.163193	0.273169	0.154942	0.0126462
0.996656	0.162684	0.272727	0.15465	0.0126405
0.996656	0.162176	0.272286	0.154358	0.0126183
0.996656	0.161668	0.271845	0.154065	0.0126153
0.996656	0.161159	0.271403	0.153772	0.0125259
0.996656	0.160651	0.270962	0.153479	0.0124906
0.996656	0.160142	0.270521	0.153185	0.0124778
0.996656	0.159634	0.270079	0.152892	0.0124301
0.996656	0.159126	0.269638	0.152598	0.012418
0.996656	0.158617	0.269197	0.152303	0.0123255
0.996656	0.158109	0.268756	0.152009	0.0122124
0.996656	0.1576	0.268314	0.151714	0.0122073
0.996656	0.157092	0.267873	0.151419	0.0121349
0.996656	0.156584	0.267432	0.151124	0.01209
0.996656	0.156075	0.26699	0.150828	0.0120368
0.996656	0.155567	0.266549	0.150532	0.0120197
0.996656	0.155058	0.266108	0.150236	0.012
0.996656	0.15455	0.265666	0.14994	0.0119884
0.996656	0.154042	0.265225	0.149643	0.0119588
0.996656	0.153533	0.264784	0.149346	0.011946
0.996656	0.153025	0.264342	0.149049	0.0119018
0.996656	0.152517	0.263901	0.148751	0.0118944
0.996656	0.152008	0.26346	0.148453	0.0118888
0.996656	0.1515	0.263019	0.148155	0.0118881
0.996656	0.150991	0.262577	0.147857	0.0118728
0.996656	0.150483	0.262136	0.147558	0.0118646
0.996656	0.149975	0.261695	0.147259	0.0118638
0.996656	0.149466	0.261253	0.14696	0.0118412
0.996656	0.148958	0.260812	0.14666	0.0117331
0.996656	0.148449	0.260371	0.14636	0.0117242
0.996656	0.147941	0.259929	0.14606	0.011658
0.996656	0.147433	0.259488	0.145759	0.0116056
0.996656	0.146924	0.259047	0.145458	0.0116032
0.996656	0.146416	0.258605	0.145157	0.011521
0.996656	0.145907	0.258164	0.144856	0.0115175
0.996656	0.145399	0.257723	0.144554	0.011504
0.996656	0.144891	0.257282	0.144252	0.0114377
0.996656	0.144382	0.25684	0.143949	0.011431
0.996656	0.143874	0.256399	0.143646	0.0114291
0.996656	0.143366	0.255958	0.143343	0.0114052
0.996656	0.142857	0.255516	0.14304	0.0113163
0.996656	0.142349	0.255075	0.142736	0.0113082
0.996656	0.14184	0.254634	0.142431	0.0113006
0.996656	0.141332	0.254192	0.142127	0.0112844
0.996656	0.140824	0.253751	0.141822	0.0111626
0.996656	0.140315	0.25331	0.141517	0.0111619
0.996656	0.139807	0.252868	0.141211	0.0111397
0.996656	0.139298	0.252427	0.140905	0.011104
0.996656	0.13879	0.251986	0.140599	0.0111005
0.996656	0.138282	0.251545	0.140292	0.0110946
0.996656	0.137773	0.251103	0.139985	0.0110789
0.996656	0.137265	0.250662	0.139678	0.0110341
0.996656	0.136756	0.250221	0.13937	0.0110101
0.996656	0.136248	0.249779	0.139062	0.0109566
0.996656	0.13574	0.249338	0.138754	0.0109557
0.996656	0.135231	0.248897	0.138445	0.0109323
0.996656	0.134723	0.248455	0.138136	0.0107218
0.996656	0.134215	0.248014	0.137826	0.0107163
0.996656	0.133706	0.247573	0.137516	0.0106792
0.996656	0.133198	0.247132	0.137206	0.0106684
0.996656	0.132689	0.24669	0.136895	0.0106482
0.996656	0.132181	0.246249	0.136584	0.0106164
0.996656	0.131673	0.245808	0.136272	0.0105864
0.996656	0.131164	0.245366	0.13596	0.010567
0.996656	0.130656	0.244925	0.135648	0.0105536
0.996656	0.130147	0.244484	0.135335	0.0105004
0.996656	0.129639	0.244042	0.135022	0.010489
0.996656	0.129131	0.243601	0.134708	0.010437
0.996656	0.128622	0.24316	0.134394	0.0103727
0.996656	0.128114	0.242718	0.13408	0.0103407
0.996656	0.127605	0.242277	0.133765	0.0102458
0.996656	0.127097	0.241836	0.13345	0.010228
0.996656	0.126589	0.241395	0.133134	0.0101848
0.996656	0.12608	0.240953	0.132818	0.0101242
0.996656	0.125572	0.240512	0.132501	0.0101157
0.996656	0.125064	0.240071	0.132184	0.0101042
0.996656	0.124555	0.239629	0.131867	0.0100796
0.996656	0.124047	0.239188	0.131549	0.0100758
0.996656	0.123538	0.238747	0.13123	0.010075
0.996656	0.12303	0.238305	0.130912	0.00998863
0.996656	0.122522	0.237864	0.130592	0.00995259
0.996656	0.122013	0.237423	0.130273	0.00992841
0.996656	0.121505	0.236981	0.129952	0.00989172
0.996656	0.120996	0.23654	0.129632	0.00983239
0.996656	0.120488	0.236099	0.12931	0.00980047
0.996656	0.11998	0.235658	0.128989	0.00977876
0.996656	0.119471	0.235216	0.128667	0.00970717
0.996656	0.118963	0.234775	0.128344	0.00970332
0.996656	0.118454	0.234334	0.128021	0.00968525
0.996656	0.117946	0.233892	0.127697	0.00968222
0.996656	0.117438	0.233451	0.127373	0.00959236
0.996656	0.116929	0.23301	0.127049	0.00957773
0.996656	0.116421	0.232568	0.126724	0.0095776
0.996656	0.115913	0.232127	0.126398	0.00956678
0.996656	0.115404	0.231686	0.126072	0.00954763
0.996656	0.114896	0.231244	0.125745	0.00949583
0.996656	0.114387	0.230803	0.125418	0.00948688
0.996656	0.113879	0.230362	0.12509	0.00948481
0.996656	0.113371	0.229921	0.124762	0.009482
0.996656	0.112862	0.229479	0.124433	0.00930511
0.996656	0.112354	0.229038	0.124104	0.00930207
0.996656	0.111845	0.228597	0.123774	0.00929403
0.996656	0.111337	0.228155	0.123443	0.00929175
0.996656	0.110829	0.227714	0.123112	0.00924339
0.996656	0.11032	0.227273	0.122781	0.00920463
0.996656	0.109812	0.226831	0.122449	0.0091757
0.996656	0.109304	0.22639	0.122116	0.00915189
0.996656	0.108795	0.225949	0.121783	0.00914277
0.996656	0.108287	0.225508	0.121449	0.0091352
0.996656	0.107778	0.225066	0.121114	0.00910369
0.996656	0.10727	0.224625	0.120779	0.00910293
0.996656	0.106762	0.224184	0.120443	0.00908525
0.996656	0.106253	0.223742	0.120107	0.00901445
0.996656	0.105745	0.223301	0.11977	0.0089513
0.996656	0.105236	0.22286	0.119433	0.00892219
0.996656	0.104728	0.222418	0.119095	0.00891652
0.996656	0.10422	0.221977	0.118756	0.0087992
0.996656	0.103711	0.221536	0.118416	0.0087739
0.996656	0.103203	0.221094	0.118076	0.00875251
0.996656	0.102694	0.220653	0.117736	0.00872755
0.996656	0.102186	0.220212	0.117394	0.00869698
0.996656	0.101678	0.219771	0.117052	0.00869262
0.996656	0.101169	0.219329	0.11671	0.00863228
0.996656	0.100661	0.218888	0.116366	0.00862783
0.996656	0.100153	0.218447	0.116022	0.00861756
0.996656	0.0996441	0.218005	0.115678	0.00860558
0.996656	0.0991357	0.217564	0.115332	0.00852926
0.996656	0.0986274	0.217123	0.114986	0.0084931
0.996656	0.098119	0.216681	0.114639	0.00847248
0.996656	0.0976106	0.21624	0.114292	0.00833296
0.996656	0.0971022	0.215799	0.113944	0.00829483
0.996656	0.0965938	0.215357	0.113595	0.00823662
0.996656	0.0960854	0.214916	0.113245	0.00817773
0.996656	0.095577	0.214475	0.112895	0.00812461
0.996656	0.0950686	0.214034	0.112543	0.00807955
0.996656	0.0945602	0.213592	0.112191	0.00807477
0.996656	0.0940519	0.213151	0.111839	0.00804895
0.996656	0.0935435	0.21271	0.111485	0.00803752
0.996656	0.0930351	0.212268	0.111131	0.00803719
0.996656	0.0925267	0.211827	0.110776	0.0080307
0.996656	0.0920183	0.211386	0.11042	0.00801958
0.996656	0.0915099	0.210944	0.110064	0.00789635
0.996656	0.0910015	0.210503	0.109706	0.00785885
0.996656	0.0904931	0.210062	0.109348	0.00773797
0.996656	0.0899847	0.20962	0.108989	0.00769488
0.996656	0.0894764	0.209179	0.108629	0.00768933
0.996656	0.088968	0.208738	0.108268	0.00768293
0.996656	0.0884596	0.208297	0.107907	0.00768128
0.996656	0.0879512	0.207855	0.107544	0.00760696
0.996656	0.0874428	0.207414	0.107181	0.00757877
0.996656	0.0869344	0.206973	0.106817	0.00757483
0.996656	0.086426	0.206531	0.106452	0.0075711
0.996656	0.0859176	0.20609	0.106086	0.00753578
0.996656	0.0854093	0.205649	0.105719	0.00752304
0.996656	0.0849009	0.205207	0.105351	0.00750088
0.996656	0.0843925	0.204766	0.104982	0.00747792
0.996656	0.0838841	0.204325	0.104613	0.00742067
0.996656	0.0833757	0.203883	0.104242	0.00735078
0.996656	0.0828673	0.203442	0.10387	0.00735061
1	0.0828673	0.203883	0.108544	0.00732838
1	0.0823589	0.203442	0.108185	0.007297
1	0.0818505	0.203001	0.107825	0.0072724
1	0.0813421	0.20256	0.107464	0.00720023
1	0.0808338	0.202118	0.107103	0.00716604
1	0.0803254	0.201677	0.10674	0.00715014
1	0.079817	0.201236	0.106376	0.00705619
1	0.0793086	0.200794	0.106012	0.00693587
1	0.0788002	0.200353	0.105647	0.00688718
1	0.0782918	0.199912	0.10528	0.00687263
1	0.0777834	0.19947	0.104913	0.00685335
1	0.077275	0.199029	0.104545	0.00683488
1	0.0767666	0.198588	0.104176	0.00681704
1	0.0762583	0.198147	0.103806	0.00678682
1	0.0757499	0.197705	0.103435	0.00672289
1	0.0752415	0.197264	0.103063	0.00663639
1	0.0747331	0.196823	0.10269	0.00656803
1	0.0742247	0.196381	0.102316	0.00646586
1	0.0737163	0.19594	0.101941	0.00645043
1	0.0732079	0.195499	0.101565	0.00644726
1	0.0726995	0.195057	0.101187	0.00643152
1	0.0721912	0.194616	0.100809	0.00640173
1	0.0716828	0.194175	0.10043	0.00639577
1	0.0711744	0.193733	0.10005	0.00635222
1	0.070666	0.193292	0.0996683	0.0062831
1	0.0701576	0.192851	0.0992858	0.00627843
1	0.0696492	0.19241	0.0989022	0.00623815
1	0.0691408	0.191968	0.0985174	0.00622863
1	0.0686324	0.191527	0.0981315	0.00620048
1	0.068124	0.191086	0.0977445	0.00617656
1	0.0676157	0.190644	0.0973562	0.00614963
1	0.0671073	0.190203	0.0969668	0.00611191
1	0.0665989	0.189762	0.0965762	0.00608494
1	0.0660905	0.18932	0.0961844	0.00604455
1	0.0655821	0.188879	0.0957913	0.00604008
1	0.0650737	0.188438	0.095397	0.00600422
1	0.0645653	0.187996	0.0950014	0.00599729
1	0.0640569	0.187555	0.0946045	0.00597469
1	0.0635486	0.187114	0.0942063	0.00594803
1	0.0630402	0.186673	0.0938068	0.00587634
1	0.0625318	0.186231	0.093406	0.00585301
1	0.0620234	0.18579	0.0930039	0.00584767
1	0.061515	0.185349	0.0926003	0.00580749
1	0.0610066	0.184907	0.0921954	0.00578964
1	0.0604982	0.184466	0.091789	0.00571114
1	0.0599898	0.184025	0.0913813	0.00571061
1	0.0594814	0.183583	0.0909721	0.00559206
1	0.0589731	0.183142	0.0905614	0.00557623
1	0.0584647	0.182701	0.0901493	0.00553242
1	0.0579563	0.182259	0.0897356	0.00552182
1	0.0574479	0.181818	0.0893204	0.00550636
1	0.0569395	0.181377	0.0889036	0.00549194
1	0.0564311	0.180936	0.0884853	0.00541508
1	0.0559227	0.180494	0.0880654	0.00539776
1	0.0554143	0.180053	0.0876439	0.00538744
1	0.0549059	0.179612	0.0872207	0.00534472
1	0.0543976	0.17917	0.0867959	0.00522572
1	0.0538892	0.178729	0.0863693	0.00517202
1	0.0533808	0.178288	0.0859411	0.00517086
1	0.0528724	0.177846	0.085511	0.00514606
1	0.052364	0.177405	0.0850793	0.00511988
1	0.0518556	0.176964	0.0846457	0.00507364
1	0.0513472	0.176523	0.0842103	0.00505494
1	0.0508388	0.176081	0.083773	0.00504442
1	0.0503305	0.17564	0.0833339	0.0050375
1	0.0498221	0.175199	0.0828928	0.00497756
1	0.0493137	0.174757	0.0824498	0.00496881
1	0.0488053	0.174316	0.0820048	0.00496839
1	0.0482969	0.173875	0.0815578	0.00496458
1	0.0477885	0.173433	0.0811087	0.00492338
1	0.0472801	0.172992	0.0806575	0.00491673
1	0.0467717	0.172551	0.0802043	0.00491173
1	0.0462633	0.172109	0.0797489	0.00483458
1	0.045755	0.171668	0.0792912	0.00473017
1	0.0452466	0.171227	0.0788314	0.00472753
1	0.0447382	0.170786	0.0783693	0.00470934
1	0.0442298	0.170344	0.0779048	0.00467057
1	0.0437214	0.169903	0.077438	0.00463258
1	0.043213	0.169462	0.0769689	0.00456635
1	0.0427046	0.16902	0.0764972	0.00450239
1	0.0421962	0.168579	0.0760231	0.00448503
1	0.0416878	0.168138	0.0755464	0.00444176
1	0.0411795	0.167696	0.0750672	0.0043858
1	0.0406711	0.167255	0.0745853	0.00436055
1	0.0401627	0.166814	0.0741007	0.00434873
1	0.0396543	0.166372	0.0736134	0.0043409
1	0.0391459	0.165931	0.0731233	0.00428304
1	0.0386375	0.16549	0.0726304	0.00423363
1	0.0381291	0.165049	0.0721345	0.00409469
1	0.0376207	0.164607	0.0716356	0.00408929
1	0.0371124	0.164166	0.0711337	0.00399032
1	0.036604	0.163725	0.0706287	0.00397384
1	0.0360956	0.163283	0.0701206	0.00394133
1	0.0355872	0.162842	0.0696091	0.00381509
1	0.0350788	0.162401	0.0690944	0.00381232
1	0.0345704	0.161959	0.0685763	0.00378402
1	0.034062	0.161518	0.0680547	0.00376185
1	0.0335536	0.161077	0.0675296	0.00372292
1	0.0330452	0.160635	0.0670008	0.00369525
1	0.0325369	0.160194	0.0664683	0.00360414
1	0.0320285	0.159753	0.065932	0.00359802
1	0.0315201	0.159312	0.0653918	0.00350285
1	0.0310117	0.15887	0.0648476	0.00349699
1	0.0305033	0.158429	0.0642993	0.00344378
1	0.0299949	0.157988	0.0637468	0.00343364
1	0.0294865	0.157546	0.0631899	0.00339707
1	0.0289781	0.157105	0.0626286	0.00336158
1	0.0284698	0.156664	0.0620628	0.00331871
1	0.0279614	0.156222	0.0614923	0.00319546
1	0.027453	0.155781	0.0609169	0.00315518
1	0.0269446	0.15534	0.0603366	0.00314337
1	0.0264362	0.154898	0.0597512	0.00310222
1	0.0259278	0.154457	0.0591605	0.00305242
1	0.0254194	0.154016	0.0585644	0.00291929
1	0.024911	0.153575	0.0579627	0.00288824
1	0.0244026	0.153133	0.0573553	0.00286814
1	0.0238943	0.152692	0.0567419	0.00284926
1	0.0233859	0.152251	0.0561223	0.00283493
1	0.0228775	0.151809	0.0554965	0.00277274
1	0.0223691	0.151368	0.054864	0.00267371
1	0.0218607	0.150927	0.0542248	0.0025918
1	0.0213523	0.150485	0.0535785	0.00249808
1	0.0208439	0.150044	0.0529249	0.0023954
1	0.0203355	0.149603	0.0522638	0.00235429
1	0.0198271	0.149162	0.0515948	0.00232116
1	0.0193188	0.14872	0.0509176	0.00229511
1	0.0188104	0.148279	0.0502319	0.00228435
1	0.018302	0.147838	0.0495373	0.00227642
1	0.0177936	0.147396	0.0488335	0.00221618
1	0.0172852	0.146955	0.04812	0.00218197
1	0.0167768	0.146514	0.0473965	0.00216794
1	0.0162684	0.146072	0.0466624	0.00210682
1	0.01576	0.145631	0.0459172	0.00207436
1	0.0152517	0.14519	0.0451604	0.00206427
1	0.0147433	0.144748	0.0443915	0.00205715
1	0.0142349	0.144307	0.0436096	0.00195451
1	0.0137265	0.143866	0.0428142	0.00190052
1	0.0132181	0.143425	0.0420045	0.00188758
1	0.0127097	0.142983	0.0411796	0.00185394
1	0.0122013	0.142542	0.0403386	0.00183
1	0.0116929	0.142101	0.0394805	0.00169506
1	0.0111845	0.141659	0.0386041	0.00167547
1	0.0106762	0.141218	0.0377081	0.00164798
1	0.0101678	0.140777	0.0367912	0.0015378
1	0.00965938	0.140335	0.0358516	0.00153628
1	0.00915099	0.139894	0.0348876	0.00149058
1	0.0086426	0.139453	0.0338971	0.0014654
1	0.00813421	0.139011	0.0328778	0.00138269
1	0.00762583	0.13857	0.0318267	0.00135303
1	0.00711744	0.138129	0.0307407	0.00110507
1	0.00660905	0.137688	0.0296159	0.000971396
1	0.00610066	0.137246	0.0284477	0.000955472
1	0.00559227	0.136805	0.0272306	0.00092129
1	0.00508388	0.136364	0.0259576	0.000871717
1	0.0045755	0.135922	0.02462	0.000828149
1	0.00406711	0.135481	0.0232069	0.000716891
1	0.00355872	0.13504	0.0217032	0.000712508
1	0.00305033	0.134598	0.0200888	0.000553848
1	0.00254194	0.134157	0.0183345	0.000496299
1	0.00203355	0.133716	0.0163952	0.000404866
1	0.00152517	0.133274	0.0141955	0.00037547
1	0.00101678	0.132833	0.011588	0.000276501
1	0.000508388	0.132392	0.00819218	0.000185157
1	0	0.131951	-nan	2.96767e-05
1	0	0.131951	-nan	-1000
